# r_j t_j from LLNL-uBGL-2006-2.swf
256 7192
256 7201
1024 3355
256 7190
1024 3063
256 7201
256 7201
1024 3096
256 7193
1024 657
1024 3247
256 7193
256 7194
256 47
1024 1940
1024 2138
256 7191
1024 1947
256 7192
256 7192
1024 3191
1024 3141
256 7192
256 7193
256 7200
1024 3325
1024 1941
256 7193
1024 3390
256 7193
256 7195
1024 3341
256 7202
1024 3326
256 7190
256 7201
1024 3309
256 7200
1024 3043
256 7194
256 7194
1024 2928
256 7197
1024 3164
256 7191
256 7201
1024 3048
1024 2090
256 7192
1024 1944
256 7191
256 7192
1024 3041
1024 3112
256 7192
256 7193
256 7202
1024 3096
1024 2881
256 7193
256 7202
1024 3117
256 7193
1024 3201
256 7191
1024 2986
256 7192
256 7200
1024 3219
256 7191
1024 3305
256 7201
64 6727
256 7192
1024 3338
256 7190
1024 3324
64 7193
256 7192
256 7200
1024 3207
256 5290
1024 2192
64 2876
256 3479
256 2785
1024 3883
1024 3784
64 6370
1024 3918
256 7202
1024 2144
1024 3950
1024 3684
1024 3719
256 2944
1024 3804
256 7196
1024 3887
1024 3871
256 7210
256 7200
1024 3855
1024 2306
256 7196
1024 2133
1024 2699
1024 3693
256 7194
1024 3663
256 7190
1024 3722
1024 3827
256 7193
1024 3911
1024 3693
256 7191
1024 3926
1024 3910
256 7192
1024 3793
64 6936
1024 3777
256 7192
256 171
256 222
1024 3812
64 6523
256 7192
1024 1444
1024 3687
1024 3827
64 4875
256 7195
1024 2133
1024 3640
256 7191
1024 3753
1024 3636
256 173
1024 351
1024 232
1024 7248
256 7193
1024 3545
1024 7230
256 7196
1024 4000
1024 7241
256 7195
1024 3798
1024 7221
256 7191
1024 3747
1024 7241
256 7198
1024 3793
256 7200
1024 3605
1024 3742
256 7200
1024 2093
1024 3721
256 7191
1024 3805
1024 3738
256 7191
256 754
1024 4072
1024 2143
256 7200
1024 1445
1024 3840
256 2947
256 7193
1024 3784
256 81
256 5533
1024 3968
256 7192
1024 4001
1024 3984
256 7200
1024 4068
1024 1440
256 7200
1024 4042
256 30
256 30
256 38
256 21
256 18
256 25
256 16
256 34
256 18
1024 4034
256 27
256 57
256 44
256 51
256 17
256 19
256 27
256 54
256 22
256 35
256 15
256 5
256 27
256 31
256 50
256 7194
256 37
256 24
256 46
256 10
256 11
256 40
256 29
256 50
256 16
1024 4016
1024 3949
256 7193
1024 3834
256 7190
1024 3667
1024 3951
64 7195
256 7200
1024 1095
1024 4092
1024 4067
256 7191
1024 4199
64 7138
256 30
256 25
256 43
256 40
256 31
256 10
256 41
256 2
256 55
256 56
256 10
256 13
256 7200
1024 4082
64 4365
1024 2142
1024 3439
256 7196
1024 2191
1024 3405
256 7192
1024 3489
1024 3223
256 7193
1024 3557
1024 3342
256 7202
1024 3426
1024 3360
256 7194
1024 3395
1024 3528
256 7190
1024 3363
1024 3597
256 7200
1024 3531
1024 3415
256 7190
1024 3201
1024 3036
256 7193
1024 3070
1024 2955
256 7191
1024 3290
1024 3124
256 7192
1024 3209
64 4823
1024 3294
256 7192
64 25
1024 3126
64 43
64 28
256 14
256 31
64 300
256 51
256 59
256 31
256 53
1024 118
1024 2535
256 39
64 46
256 19
64 61
64 253
1024 3183
1024 2830
256 7194
1024 3484
1024 2846
1024 3197
256 7197
1024 3209
1024 3143
256 7201
1024 3328
1024 3313
256 7190
1024 2390
1024 7193
1024 508
256 623
1024 201
1024 25
1024 45
1024 26
1024 2695
1024 17
1024 442
1024 2693
1024 3548
1024 45
1024 36
1024 2695
1024 42
1024 2585
1024 2690
1024 36
1024 2087
1024 2692
1024 42
1024 3485
1024 25
1024 65
1024 53
1024 42
1024 31
1024 19
1024 59
1024 46
1024 36
1024 25
1024 63
1024 52
1024 41
1024 31
1024 68
1024 58
1024 47
1024 36
1024 25
1024 63
1024 52
1024 41
1024 29
1024 68
1024 57
1024 46
1024 36
1024 24
1024 62
1024 52
1024 41
1024 29
1024 68
1024 57
1024 46
1024 34
1024 24
1024 62
1024 51
1024 40
1024 28
1024 67
1024 57
1024 45
1024 35
1024 22
1024 62
1024 52
1024 40
1024 28
1024 1789
1024 3416
1024 65
1024 67
1024 2120
1024 1786
1024 37
1024 51
1024 40
1024 1773
1024 3629
1024 34
1024 35
1024 37
1024 40
1024 1784
1024 2939
1024 1834
1024 1785
1024 2288
1024 1795
1024 3034
1024 1786
1024 1835
1024 2185
1024 1788
1024 3393
1024 1846
1024 40
1024 47
1024 37
1024 26
1024 44
1024 64
1024 28
1024 53
1024 1792
1024 3435
1024 1849
1024 3446
1024 1844
1024 1838
1024 2440
1024 1840
1024 1841
1024 2642
1024 1836
1024 3436
1024 1838
1024 1840
1024 2737
1024 1884
1024 3786
1024 38
1024 35
1024 24
1024 63
1024 1832
1024 1836
1024 3636
1024 1838
1024 1840
1024 3937
1024 1834
1024 1836
1024 4035
1024 1837
1024 1840
1024 4237
1024 1834
1024 1886
1024 3484
1024 31
1024 33
1024 1835
1024 1838
1024 2194
1024 1831
1024 1854
1024 62
1024 49
1024 38
1024 28
1024 66
1024 1861
1024 3505
1024 1846
1024 1870
1024 40
1024 29
1024 68
1024 58
1024 45
1024 1886
1024 3585
1024 1844
1024 1866
1024 70
1024 58
1024 48
1024 37
1024 24
1024 63
1024 52
1024 41
1024 30
