3301 70
1459 40
2048 98
2953 79
1096 19
1715 4
3907 50
665 96
3954 40
4084 5
3765 99
3771 68
447 4
3801 14
289 23
3386 14
2361 62
3807 67
552 74
3580 68
637 5
684 93
353 63
3579 93
1621 31
1397 69
2824 7
1704 2
156 14
3609 32
3998 61
1431 85
3734 43
2201 31
513 63
262 24
2696 78
2306 29
823 92
2379 36
2168 38
2524 19
579 64
771 4
2986 56
356 39
2690 66
2759 7
737 38
3479 82
1012 13
1161 13
3981 26
2629 78
1380 6
261 62
769 24
1209 41
2104 47
693 71
2464 46
4047 53
2481 69
3596 74
3136 32
2329 86
3404 62
1111 22
3037 64
2591 82
3956 48
3050 87
2267 38
2047 6
1469 45
2891 100
3685 72
760 68
516 17
552 99
77 58
711 42
388 99
3079 32
2500 64
3249 74
1805 12
842 91
639 71
2480 24
3111 17
3827 34
2462 80
2767 67
1644 19
2269 90
1952 51
2571 11
4005 44
537 69
762 52
2146 20
1360 89
3200 25
730 92
1511 85
245 35
1301 90
2231 89
1965 65
4084 7
4011 5
2470 48
4043 39
4076 98
4004 7
3061 91
2162 20
3718 87
4084 8
1619 97
1841 74
2164 83
1732 48
2762 47
1018 42
615 64
2109 100
3185 4
3391 1
1218 66
3868 82
3892 31
2206 96
1598 81
3326 72
3104 30
2103 45
107 71
3044 62
968 33
2537 56
1983 62
3493 86
489 84
2601 13
449 43
955 45
252 56
2603 41
422 39
2042 32
2977 44
3533 5
1164 6
3154 68
873 94
3477 85
1528 62
3802 61
2825 61
1251 75
1235 47
4023 76
3453 44
527 35
3577 38
1315 37
725 90
1445 8
3111 89
3526 77
1336 82
1901 38
2897 42
1092 57
2122 81
1523 69
3507 51
3979 50
1162 13
980 59
3570 72
236 85
880 25
3612 34
3237 88
204 5
2511 2
3384 16
4020 36
2000 71
2796 36
995 17
635 27
3984 30
2441 13
2602 78
3223 67
1007 15
2716 23
21 78
1570 78
1983 19
3980 94
1685 54
3052 83
63 29
1389 62
2372 42
1729 43
247 55
2306 19
635 15
2875 23
108 52
3019 26
3580 14
103 53
3422 53
2120 15
1998 6
3208 10
2880 73
2673 15
2931 79
12 67
3760 100
2421 79
3495 56
3245 53
1878 69
173 72
1834 1
3243 4
25 86
685 13
155 13
972 2
98 57
2373 40
1232 91
2490 62
893 70
3777 67
3582 42
871 34
4062 32
3362 29
1244 97
2191 71
1320 61
597 38
2198 61
482 81
12 46
1833 81
769 5
2055 49
3748 85
2523 1
1253 23
188 31
1244 29
2861 44
495 83
1725 14
387 60
3599 44
3364 47
1156 77
1641 35
2069 49
3679 55
2167 3
3245 94
1591 43
1086 55
1395 95
2229 77
937 39
459 48
800 46
850 55
1232 53
2138 91
1445 61
2645 46
2835 80
2658 89
1355 30
1525 55
3563 56
3215 84
540 99
4059 24
2351 17
1574 51
409 28
1463 97
1 4
1843 58
532 72
3533 31
322 58
2512 76
3922 4
1243 83
3131 51
650 71
936 5
1042 87
3642 89
3250 61
572 56
375 98
58 27
4084 23
3301 33
2683 42
3120 57
2503 4
1632 70
2962 55
195 26
1947 22
2134 52
2316 54
52 45
518 87
3522 66
286 88
902 76
192 80
1616 15
2190 15
902 70
2069 65
2256 74
590 16
2009 34
2321 92
3699 85
3226 63
3341 76
1748 7
1344 85
1168 100
3554 29
3161 95
1733 31
1748 21
3988 77
3258 43
2117 70
934 3
3741 38
1631 22
537 61
1023 4
708 32
1110 96
3283 72
2312 66
2173 22
2624 57
1580 73
887 53
2075 43
3543 28
298 44
1193 50
3795 19
3855 4
2384 16
850 76
1362 65
1455 98
3433 52
2777 97
1782 39
3149 15
3602 10
3657 32
3779 68
2068 31
3965 2
3448 41
3688 52
3931 79
4092 68
2113 45
3297 90
627 93
2606 66
460 64
2484 43
1263 28
2987 32
2797 39
431 18
2647 87
1190 18
3608 77
2613 43
2301 64
1174 28
1316 53
2113 85
2799 74
3568 61
1202 25
3834 97
3263 25
2137 99
1281 90
1670 13
4010 67
3742 73
3767 14
3451 52
854 62
3127 45
3573 2
700 43
1375 75
3312 14
2662 93
1107 7
466 41
3862 30
3350 42
764 94
845 73
2411 64
1896 86
57 63
397 31
2686 21
3114 85
2368 72
1226 39
964 56
2705 57
3527 54
2188 38
2111 70
4084 59
2649 87
3868 7
1879 10
2215 90
7 11
3940 13
2452 61
2750 34
3424 15
856 94
189 64
410 75
2042 22
2457 37
2369 96
713 19
3864 80
91 67
3551 34
2704 2
2818 5
637 17
917 87
2536 50
2973 59
3752 85
3966 3
1042 34
4096 93
2717 12
2219 20
2665 30
2623 92
2516 52
3593 90
3851 26
342 80
3818 85
1162 34
3215 27
1893 29
2040 2
599 93
364 69
1222 99
3196 99
538 90
1859 12
29 6
2986 37
2482 65
2381 58
3128 54
3063 3
234 9
406 97
3558 41
2351 11
2123 20
1270 33
3165 59
2400 8
1126 83
640 28
113 12
2052 5
2185 70
3624 39
1609 58
3602 19
2623 43
828 84
221 18
3390 19
1171 42
2915 53
3070 94
4001 14
2994 4
3292 8
3138 20
1594 82
1463 30
4010 82
2175 63
98 98
99 57
2116 34
2097 12
478 67
2630 14
1853 92
3106 96
359 81
1675 17
3101 80
3674 2
3283 58
3131 76
729 23
1264 87
3965 24
2093 39
3782 4
3060 12
2427 52
2651 66
80 87
1877 24
738 58
467 99
4048 52
163 73
2645 35
3390 61
4009 22
2511 9
2756 31
3808 28
261 51
1107 6
3575 25
2564 94
3642 69
975 36
3673 53
3937 48
1161 38
1720 88
1568 93
2780 19
3642 80
1774 73
3501 28
1670 88
3424 23
1053 76
3876 41
2467 89
1247 26
2419 41
3160 96
891 77
519 44
2240 61
658 67
638 2
3613 44
354 54
1892 74
95 57
4001 99
2663 61
1524 85
90 7
3853 15
2834 60
2017 63
770 48
1427 19
4029 65
3825 2
3331 51
3348 23
2421 30
269 21
4019 33
975 26
144 11
1905 47
2623 35
4086 39
950 26
2084 62
1077 99
1215 54
1430 83
1279 94
3371 23
1313 82
2302 47
1413 41
3453 79
751 82
2665 12
1114 43
3583 10
2695 63
1107 2
607 94
3224 43
855 62
3655 1
3403 53
2352 74
2575 100
827 18
3414 38
328 38
137 2
101 11
770 73
1176 48
1833 93
4027 83
1112 27
2488 95
3340 82
2248 80
3676 85
1085 11
3567 44
508 65
383 58
3972 69
2471 15
506 92
1344 76
1115 1
2306 100
604 52
219 18
964 1
183 64
449 46
972 48
2171 9
1696 58
3075 53
766 12
2628 19
2059 55
2726 88
1260 94
3157 18
3669 84
2072 16
1950 65
647 65
1844 61
179 63
905 14
1697 5
3493 70
1618 31
826 25
381 5
2501 34
1639 47
3775 35
1620 15
3381 81
2549 63
343 53
3808 37
3014 19
1647 1
3816 54
2826 51
2296 3
197 92
1543 59
3498 23
1292 53
1255 57
492 81
2811 94
4087 6
2726 68
2496 20
3888 91
1115 67
572 8
4033 24
3617 60
3117 92
1539 1
2042 26
198 6
3169 21
51 62
3556 78
3483 72
1177 30
1917 25
3275 46
2444 47
861 22
690 44
3458 80
2002 88
1870 96
2164 19
1090 33
1849 95
3918 96
1894 54
2910 85
594 98
1229 20
904 77
1754 18
1299 34
2425 81
250 44
544 80
641 60
479 84
2837 95
1247 56
989 6
1032 79
2210 62
619 14
4029 56
1353 27
221 30
2576 48
2500 97
2852 30
3554 19
160 71
1239 12
824 89
1175 65
664 3
1868 77
2458 61
3076 96
1017 54
3829 32
817 56
2815 56
497 61
2622 55
2641 87
3024 62
3402 98
320 84
3762 67
3386 88
1988 5
2654 68
1363 15
3140 58
3712 11
2573 55
2644 70
3169 85
294 34
718 87
3508 24
2157 99
2267 66
780 8
1057 46
2800 15
2835 9
1427 81
1508 62
3269 69
414 20
431 52
3735 96
3409 66
3409 90
1663 66
1064 81
3194 17
2953 51
3310 2
1308 11
381 45
422 50
3616 59
1130 22
3240 2
1888 52
3010 72
4053 73
3887 49
552 6
2858 92
4025 24
3553 43
1319 53
1698 58
222 36
1678 16
2857 73
3260 61
3505 44
2997 6
3677 14
3301 52
1712 70
2761 93
1097 51
4 57
2232 55
2625 81
1364 14
807 37
2860 93
2659 31
303 43
978 34
1191 6
2091 31
3227 44
284 74
2121 48
3098 51
4049 45
2512 57
2593 20
1970 6
2848 23
1774 82
119 78
3590 65
344 60
1173 8
906 17
2587 50
2264 54
3718 79
189 62
3726 57
733 76
2134 23
2806 81
2340 97
3095 6
1769 13
2101 89
3252 30
3093 92
93 29
2421 75
4018 64
3930 90
225 63
2593 42
2940 84
1 34
655 60
287 50
1377 61
136 20
3614 48
2390 47
565 64
2791 4
397 12
1949 36
2598 4
2702 88
1688 47
2460 37
4024 97
570 33
2796 94
3017 67
1127 81
1162 9
593 41
1810 69
3450 17
325 96
2275 97
298 13
1918 66
3339 8
2070 56
816 63
2101 51
3853 18
1727 93
1143 1
3558 6
2413 8
1266 23
4010 64
1229 59
2683 64
3825 78
3761 90
2901 70
2400 28
2810 35
3566 8
2592 1
2528 63
1508 82
1502 89
841 25
1319 72
250 82
332 20
2440 94
3485 6
1690 3
2494 86
195 64
977 33
1135 16
3611 2
421 90
2662 52
91 99
3704 28
1937 56
900 46
2381 60
1823 11
3396 81
707 14
3861 81
2613 79
2728 93
1874 40
2682 65
2820 100
149 17
1780 29
496 59
3075 86
2591 74
2381 16
3616 82
734 98
1537 73
4053 98
843 47
2054 77
1122 20
3261 28
2574 8
3204 70
777 64
488 4
1397 50
1653 13
3007 35
4020 61
4022 39
544 1
1497 37
3896 19
2103 19
416 84
2898 18
2948 95
3635 97
788 82
1792 51
619 13
114 70
2686 75
3784 4
2365 54
166 20
2519 96
2548 19
2644 10
2136 39
2335 47
4077 45
3824 78
453 40
560 63
1142 52
2924 40
3061 92
3321 24
335 73
3463 96
1835 62
3569 30
3873 91
2593 5
521 17
467 56
2488 96
3800 61
917 76
729 36
2455 46
1657 73
2191 44
1160 7
2812 83
586 7
3998 43
3801 74
3410 78
1552 16
1229 91
428 64
2885 57
1267 41
242 4
2038 75
1413 83
4037 63
836 53
1509 78
1186 42
2200 6
844 9
1287 80
1917 87
960 72
2113 12
3807 23
3859 18
3049 8
903 7
3611 41
2883 1
2032 89
3378 59
2930 55
151 60
2043 24
3461 91
210 86
2314 69
3809 37
3465 23
3477 14
2930 63
1464 75
477 32
3045 17
554 59
2284 36
312 25
189 34
3535 39
592 8
1251 44
2452 45
72 79
99 36
495 56
2677 27
240 47
3327 66
637 56
1249 27
3435 33
3412 70
2473 88
1079 49
3803 59
2593 51
3093 54
786 46
507 5
2693 58
2803 5
3859 2
2931 86
3479 66
3329 13
2571 23
1181 69
762 100
1732 3
1882 75
323 4
736 77
3136 25
2950 97
1910 54
3351 15
32 38
2023 51
1741 43
2778 52
2934 73
3292 75
2078 24
3823 74
1590 20
2198 67
1036 84
3447 51
1408 24
2117 39
1934 4
2419 57
3609 62
1282 66
3014 5
1413 5
3826 72
2674 31
420 21
2418 51
3011 34
1620 23
1566 48
2076 66
2286 22
3247 90
2279 61
3209 3
1373 11
3789 16
3895 15
3982 34
1667 21
3367 88
1104 7
3225 88
2104 12
1265 51
1746 43
3847 78
797 16
134 69
2931 29
2349 58
3821 94
4072 34
110 2
2805 54
4011 46
4027 59
410 91
3711 86
1270 62
2094 45
2602 58
1241 34
3751 89
3137 27
301 11
2810 20
3310 61
1113 58
595 56
3756 26
64 94
3339 65
988 58
1892 77
19 88
1022 56
3808 10
235 33
70 74
1177 100
2276 1
929 12
3993 73
540 2
3477 33
1097 59
1608 81
2579 25
1774 17
899 99
72 13
1553 87
1106 12
2265 44
1592 77
3329 65
3275 33
2678 47
2743 20
2225 59
1646 28
986 10
3155 49
1437 33
1108 12
1601 21
1984 78
1170 78
1863 45
179 3
3985 59
512 54
2018 87
2013 95
554 18
2293 82
1156 20
927 86
2006 58
133 64
839 4
2761 60
2512 56
162 67
3620 97
1195 6
3496 93
3572 28
3126 84
2149 23
2632 9
3661 83
2940 29
444 85
2495 70
3361 83
1630 24
2243 86
1813 31
1254 57
187 46
2861 27
1553 44
3533 35
2036 56
1705 79
2469 26
746 35
1899 29
2379 98
1112 57
329 36
3551 2
3650 29
1070 28
3584 59
2019 75
3530 16
102 93
463 12
1458 97
2115 67
435 47
2395 88
3932 10
2830 68
3159 14
2541 29
2896 13
3616 75
1780 61
2 61
3467 42
2654 12
3191 12
2983 84
1001 55
2419 68
2540 53
3265 6
3552 76
51 52
453 12
3321 76
3014 92
3909 35
191 74
1213 43
433 63
2004 64
630 47
353 14
2148 94
259 42
3304 61
2875 20
647 69
222 48
1711 88
3081 42
643 98
422 17
664 3
3637 42
3452 68
1536 80
3237 93
3825 71
3229 52
3092 3
314 43
345 11
323 34
1862 25
2364 33
2 7
1151 42
1731 42
2003 77
3163 33
1297 71
142 79
97 26
131 24
2617 40
2959 7
609 51
2948 14
2976 75
3786 67
1787 48
804 94
2338 91
3354 58
1340 46
663 13
3478 28
3892 60
1200 18
570 87
708 21
3965 24
1343 49
700 7
1990 49
44 57
2521 39
3010 59
4059 52
17 18
2933 7
3121 39
791 7
2620 92
2866 31
2891 17
1407 59
613 57
1167 67
1972 21
1705 7
1468 45
3937 99
1596 52
3301 5
2273 8
765 18
27 3
1296 80
851 72
102 49
41 72
297 12
2630 92
3785 81
3910 18
3428 78
2684 38
3093 88
2962 37
663 98
3409 80
1624 22
2322 13
1423 88
3968 85
2915 53
103 68
3252 51
90 35
1454 13
3892 12
2163 86
2868 3
176 81
395 89
707 10
1768 16
2282 94
3402 8
3804 85
1735 29
1907 32
3856 8
3731 20
3665 9
2805 4
3576 48
1333 87
3156 31
1123 46
2739 30
1945 88
2495 100
3085 48
2618 37
4057 95
16 84
2721 53
2908 59
418 82
1161 28
2975 60
1083 50
1799 16
1024 82
1818 67
329 42
3141 3
1669 100
2756 93
1101 95
707 93
1818 69
1117 6
2013 73
1582 37
549 41
133 30
899 9
2858 100
404 96
1188 86
3430 6
2323 6
2893 37
514 44
1133 96
355 30
1015 36
1546 54
3487 61
2637 34
2096 10
2645 15
2501 64
3741 76
3311 35
2406 40
428 3
3162 68
2022 22
555 98
3336 60
679 61
2858 8
1159 72
1527 67
1523 80
3456 39
148 9
1006 20
3356 77
1895 55
3390 45
573 100
2604 70
2993 51
2122 56
871 64
103 5
2181 56
2194 91
1372 94
2564 21
2085 17
3412 98
1418 38
2042 6
617 93
1486 14
1043 75
2726 53
745 83
3547 23
1850 55
165 66
3683 4
3880 75
1122 5
3440 21
1413 26
1412 80
3691 7
2702 62
986 22
3656 69
3853 6
1352 100
1743 87
3552 19
2300 36
2849 49
2885 1
1218 85
1232 7
2421 10
3678 63
3717 22
4055 87
2824 56
2360 29
4068 88
784 82
863 71
688 24
385 92
1792 75
1332 90
2802 37
3033 88
128 86
3531 39
2143 4
988 10
1945 78
631 42
2356 49
809 12
2701 64
3725 88
1996 2
869 79
2800 39
3461 100
492 85
1642 74
412 13
4013 79
469 87
4022 22
896 90
3990 67
555 57
2755 1
3769 98
3224 29
2978 94
1936 88
2867 98
2851 23
1099 64
3925 93
814 78
2349 10
2846 3
692 91
2934 24
1150 64
3909 2
3446 31
1947 99
3270 60
1573 17
56 80
2995 66
2226 6
369 83
1517 30
3727 55
2999 55
1702 100
1704 17
1073 52
3090 62
942 28
4022 94
1768 88
3749 77
3610 29
1401 76
1696 89
1130 74
3460 14
2835 88
1869 93
642 58
951 40
1728 56
943 7
4085 93
2635 24
3070 32
64 99
1199 21
2230 79
2204 58
2600 48
641 75
2147 89
11 12
2093 56
2786 15
3159 91
2961 14
1349 41
2098 98
3614 43
702 24
1245 26
2110 50
310 38
3424 40
2164 15
803 100
2973 78
1008 17
2155 89
1650 10
321 35
2792 68
3248 39
616 28
2140 71
1291 27
2832 84
1819 47
3486 63
3602 90
3374 96
2379 50
231 36
2026 70
735 26
798 99
1962 28
3860 66
3872 99
974 61
3012 98
496 42
2123 56
1946 90
341 14
3519 10
2126 74
993 10
2079 66
3172 45
1246 75
671 22
144 6
4041 73
3109 68
3466 55
2553 73
2028 14
2562 13
995 33
1656 38
2283 67
293 54
1611 52
810 13
3565 96
2698 83
4018 40
71 78
2152 59
672 17
1119 6
2569 81
2316 87
2760 7
2693 34
3527 64
3003 93
3100 91
210 81
421 28
833 68
461 100
2860 8
146 82
3280 72
1639 29
4058 62
3149 38
3617 69
1235 78
3987 32
1319 34
401 52
1669 77
2632 58
957 62
2746 94
1672 70
1880 52
9 26
2445 100
3606 9
3450 7
1585 58
2962 33
2373 13
898 44
3076 2
3542 64
2220 61
2818 29
3801 52
1869 90
2812 34
1883 34
1102 76
2799 41
2812 97
223 76
1243 57
2419 83
3753 75
558 92
1075 11
2888 88
706 38
984 94
1676 58
2116 22
1204 89
2056 14
220 57
3999 9
2124 79
3105 63
2394 49
30 38
876 71
248 8
3578 96
1926 75
2552 63
3938 72
3978 41
3536 75
3065 68
3469 15
716 19
2541 22
1567 13
1105 96
936 2
2943 51
1333 50
612 47
2621 2
2234 39
303 34
1214 91
3703 43
1312 6
831 7
1810 61
3731 65
2766 4
2781 68
3623 63
1310 8
3942 37
3849 98
1247 30
2619 11
2698 97
1384 4
1336 7
18 48
1156 60
744 7
3148 41
705 21
3212 15
2072 43
2550 71
747 14
2245 50
986 25
2924 79
3064 16
4020 29
2155 99
3228 82
2897 36
1431 7
3838 15
1288 86
2216 26
3999 69
545 84
2194 18
1677 62
2325 43
3150 25
1151 47
3177 81
2133 90
1832 91
3125 25
1974 85
3916 99
1253 82
267 43
2232 7
2474 71
3382 54
1244 61
357 22
4036 97
644 50
1025 94
4085 80
1443 7
3301 18
97 32
2222 97
4001 71
3746 16
3563 63
2589 99
624 99
946 65
2144 36
1714 28
1599 1
2641 20
2887 84
3864 43
391 55
427 2
32 88
3908 57
2846 62
1291 48
24 69
2805 81
588 81
1022 100
1475 66
1298 68
784 95
106 15
1434 99
1130 98
244 10
90 95
84 49
3196 95
3032 52
2510 40
2923 54
2949 89
1914 40
3337 99
3918 41
2560 30
3714 4
810 53
615 38
2029 68
1127 95
2051 87
1599 65
3198 17
232 22
2049 42
992 88
2657 14
993 56
3100 64
3322 2
2047 27
1667 95
3437 11
3077 29
2197 31
1735 47
1092 49
3800 23
967 11
65 35
2842 70
2020 19
2164 74
550 57
1962 19
3204 49
531 85
1572 17
3315 86
4002 89
3744 71
1563 96
981 39
3613 61
2668 21
3254 12
358 25
526 85
2370 6
3265 40
740 11
1407 11
2220 43
1687 54
3392 42
3560 5
3091 21
893 61
1029 12
1532 69
2516 59
3043 40
196 36
3737 64
726 23
1205 63
358 15
312 83
3820 99
3556 53
2908 28
3202 46
1680 13
3611 55
733 96
2028 74
2543 31
1797 79
2678 61
2557 31
4071 26
1851 43
1103 76
3282 50
1376 38
2254 78
1363 17
856 10
2638 75
3701 40
1334 88
3699 21
3864 98
4091 13
1310 50
3384 79
1236 59
3470 87
2617 90
651 13
1869 96
1825 5
497 99
3420 65
2540 76
2932 6
492 47
1501 52
765 52
916 95
3281 11
652 75
3400 63
214 89
2486 72
2572 91
2923 51
2090 46
2456 55
128 86
510 36
289 98
1781 95
2476 53
3788 46
710 74
145 93
177 28
605 88
1562 9
2028 35
141 71
3346 9
174 4
2761 36
3346 6
1992 94
2317 43
1801 83
1042 49
3239 1
3730 23
1512 53
3691 62
156 13
499 64
2137 70
3631 65
837 95
375 85
3658 57
2873 87
1167 53
512 71
1571 62
1005 55
1751 46
3987 80
1731 32
2329 64
1221 6
399 48
3427 12
1390 1
18 67
923 7
1828 98
3791 75
2772 66
1176 52
4065 100
157 14
1177 70
3414 19
3700 7
3373 82
1227 43
1050 57
1594 33
3129 48
422 53
412 65
351 20
1894 76
1368 99
2355 7
1197 19
2554 75
1128 32
924 36
1676 27
984 66
2322 12
3784 15
1057 32
4031 16
2791 18
1583 15
2357 85
3405 13
2057 71
1775 24
2294 93
2865 25
696 11
1358 32
3232 87
376 2
1699 7
3431 60
357 5
1421 7
2848 100
1074 76
1808 19
767 70
3987 65
182 26
834 35
685 49
1550 8
1947 49
3221 73
1419 31
1060 11
3260 1
3925 82
3844 1
2708 61
2660 58
1676 10
2072 3
2017 41
1417 5
1501 88
1177 38
1192 24
2780 58
3407 80
1095 7
1060 82
3724 90
991 22
1912 24
1922 87
1696 30
518 71
2731 78
2620 93
3579 59
575 75
3847 71
3212 8
724 73
3662 44
1767 19
3241 82
2813 6
3475 38
3942 96
3206 61
3317 22
3226 57
3943 52
51 2
2045 85
1070 60
1516 97
1344 73
2878 56
1654 75
2967 96
3436 55
2336 11
3169 14
3053 44
1348 24
842 73
2232 54
427 10
2202 18
3031 31
707 53
120 81
2939 39
2270 27
2822 16
1757 12
140 72
1678 23
646 14
1277 11
1182 27
219 80
2335 10
3732 30
501 85
4029 83
1088 57
584 6
2663 37
3605 94
3131 31
4039 3
1577 73
530 24
2126 3
676 90
2101 59
3191 12
998 73
4063 67
1776 36
474 92
1292 49
1031 94
2970 14
3468 4
2396 20
2862 67
1435 94
1015 24
3624 84
3571 2
2565 44
1675 59
1461 14
3379 29
2123 11
1285 93
659 13
2909 40
1444 20
1002 75
1591 26
29 24
3732 38
3432 92
3822 18
2328 82
2245 14
3859 95
947 62
2 92
1409 27
3477 6
2547 58
2076 90
3977 32
3658 97
915 71
2971 21
2451 49
1961 14
3604 90
3510 86
2321 57
3469 66
1956 54
3321 47
861 39
2810 77
402 17
2297 33
2968 85
3477 62
3795 82
3724 76
3050 52
2115 35
3164 37
3302 14
4074 17
3723 92
1810 8
3424 95
3174 91
3463 35
1057 2
398 57
2509 29
3390 30
615 77
3689 72
1210 39
3702 25
466 42
3911 75
2825 26
4037 76
2697 43
2927 11
772 85
2723 59
1938 24
240 39
1578 2
2270 32
91 64
2778 23
3911 7
1345 2
3219 31
4050 21
1424 49
503 63
2436 16
4036 81
1506 28
211 58
3383 67
2014 90
2806 30
594 4
3658 53
564 9
1506 96
610 45
3075 96
1748 19
989 68
277 50
2719 27
3834 50
4066 22
3086 17
354 47
997 79
17 24
2726 22
3496 29
2523 6
4006 30
2761 93
2038 69
790 49
2257 52
2319 85
2010 59
586 31
4076 74
1190 41
2103 56
3762 85
629 37
3384 66
985 10
1740 33
1638 75
1300 38
446 23
1217 53
2520 77
2769 95
1405 69
1703 17
2913 19
1288 95
1334 15
47 60
3786 12
1595 3
870 47
1919 29
2617 67
4079 99
2475 88
2682 23
2007 78
2314 69
1320 8
1622 70
2933 51
3684 90
2036 46
3872 37
1951 9
795 29
599 45
2478 100
87 100
2014 26
370 15
1177 63
2324 62
263 11
1479 54
2362 23
2624 98
2714 80
354 3
706 18
3243 63
2534 26
1242 90
689 68
2768 84
2437 25
1047 43
3958 49
1856 55
52 91
3382 84
3623 37
2155 57
3989 21
472 16
2886 89
3355 92
3842 16
825 72
1882 28
242 96
2980 20
1854 22
3857 91
44 51
2328 93
1089 43
2928 89
35 29
1381 49
1095 7
3187 13
2295 82
3369 83
1523 75
3063 7
3158 63
3649 6
3585 60
2160 8
3663 7
885 45
932 7
2090 55
752 24
3753 18
1753 48
2605 35
2971 13
23 20
3867 30
1729 2
1227 85
3964 62
702 60
2379 61
2580 67
2761 63
653 29
2981 46
1938 42
2553 31
2675 76
2333 70
2211 68
2419 33
263 39
1380 21
2099 5
581 14
52 73
480 69
640 8
738 80
2333 79
3353 49
576 48
3497 3
3223 52
832 85
923 58
94 85
1798 9
2955 57
3899 30
743 11
3117 78
2692 51
1357 18
950 8
66 89
157 3
975 31
4048 5
3963 23
3824 23
2507 65
690 34
3272 87
1377 24
3879 56
52 92
1634 9
2506 75
956 98
3702 16
186 42
1407 51
3151 56
3307 50
642 50
254 1
1162 74
4047 76
3348 13
1686 69
652 99
2333 77
2540 43
3128 39
1404 79
2531 97
2954 55
1222 55
3908 26
401 34
1697 10
2872 55
1689 39
816 90
2961 75
3293 82
2306 31
51 65
2077 7
3398 63
2224 66
2326 66
3749 71
536 51
1572 95
2788 78
2498 10
3761 36
1642 10
929 94
740 59
1745 83
793 91
3798 44
317 54
2735 91
1608 31
3540 10
1762 85
771 57
3777 91
1300 4
2907 27
2874 84
266 14
3125 77
2598 34
1936 96
3500 90
121 95
1225 90
1153 82
3483 79
3417 42
1319 25
1477 63
873 98
3832 60
534 21
1407 12
2476 17
276 91
1506 65
2961 66
3691 90
1739 46
493 97
3343 13
4000 18
437 15
316 99
1300 7
3312 75
3338 92
891 92
4031 41
85 98
1084 63
196 30
1496 81
536 94
2249 21
965 60
3889 3
4055 6
774 53
3574 73
3503 14
2070 66
1020 45
1462 85
2444 48
2785 96
537 32
456 5
10 4
3577 36
854 34
3831 15
2440 4
509 61
62 34
2790 23
2026 79
1246 56
1701 20
814 10
2302 89
3360 80
4054 49
800 7
2030 72
1980 22
59 54
2112 75
1081 26
709 66
2349 11
1401 38
2487 76
1020 82
1634 15
3947 80
1051 95
958 69
2805 88
4028 37
2408 42
2557 16
3228 21
2141 44
3927 43
1109 57
3501 37
915 28
1906 55
3439 69
3498 2
3744 69
3959 27
1700 83
2129 31
2154 63
1052 1
886 7
297 12
1187 13
2219 65
3573 1
1652 89
455 12
241 74
98 6
1393 54
2423 75
3800 34
2816 57
1300 1
127 26
1417 96
237 66
352 95
1297 98
2814 29
3718 86
3374 53
1437 68
673 14
2334 78
3327 28
2257 3
2485 84
245 68
2614 37
2718 50
297 87
806 35
2732 62
1275 23
2276 8
3621 31
3923 96
396 16
3594 6
381 66
2783 41
2984 2
962 39
609 28
68 60
2634 13
1283 40
1202 88
3396 39
931 62
2633 78
791 50
1563 53
2969 79
4096 50
1671 92
1294 50
1720 87
3608 34
1290 19
3487 55
351 33
1431 27
2889 1
2730 94
4062 91
2517 50
3404 84
1933 21
1962 77
636 46
1119 99
2320 34
1809 81
2126 93
2399 89
53 1
504 51
789 100
1564 16
2295 6
3076 65
1520 71
3047 31
3973 44
847 12
3703 53
1403 47
1657 64
2367 72
719 36
1846 87
1314 19
2776 78
884 57
1447 44
2743 28
3194 55
3535 58
857 29
3232 35
3716 47
1351 7
260 59
3811 78
2107 98
901 48
954 97
575 57
923 7
464 10
923 50
3528 97
1357 40
876 68
2557 96
3584 98
3931 55
1908 39
3044 26
4027 41
1930 97
2214 81
1130 57
2291 81
2280 67
799 5
2660 21
327 57
778 36
3288 8
161 31
2977 35
31 90
572 73
1552 11
2903 5
714 23
38 30
3512 63
974 17
3932 46
293 44
2771 46
3209 40
2713 53
3005 4
1650 54
925 38
1373 85
3871 21
850 41
156 16
1562 98
183 54
1093 75
1521 20
3580 85
3662 75
3770 87
1277 92
1662 49
3089 6
3215 7
1130 48
271 5
3260 33
323 20
1263 80
1417 29
2103 73
2538 95
2852 38
2001 20
351 26
3385 68
3968 9
1933 34
2751 81
2862 86
107 64
396 86
1069 26
1448 28
1947 16
2996 47
2902 16
2188 9
3486 82
2397 93
2275 59
3933 64
1274 27
1597 66
271 87
3917 27
3952 51
404 76
2709 56
3008 6
3091 85
1934 52
441 90
3996 27
16 3
3363 92
3219 74
2615 33
1491 71
1431 56
2083 17
2992 77
2766 5
101 37
834 17
2946 7
3043 69
525 1
1554 40
1714 11
415 39
1093 49
2470 82
647 13
1059 6
800 20
1425 98
2276 87
328 20
3911 88
2338 71
228 31
4030 38
3321 20
2904 99
2520 34
3259 17
2518 77
1332 84
451 20
3639 96
3304 22
3467 38
360 78
1255 8
3434 18
3423 37
2339 67
2863 65
2517 39
683 16
3718 67
2091 82
3464 80
3037 85
892 69
2182 86
1825 85
436 85
316 16
365 30
1431 55
1860 86
2619 56
2738 38
1161 81
3373 24
2821 88
3620 41
2911 75
1184 9
1694 85
3833 11
3679 52
708 87
2017 42
2308 67
362 83
2782 30
1094 86
906 55
3989 98
2919 42
2744 28
1352 78
2605 73
1693 5
4068 40
3194 34
2361 36
3956 49
2050 33
1298 92
3750 21
751 87
541 96
3405 18
475 70
172 97
4027 64
2566 63
4081 56
3632 72
2617 17
2074 78
3927 12
1728 88
3017 6
2850 41
3166 96
1935 53
430 7
1043 9
2336 37
2990 98
50 96
4029 50
1402 85
2082 23
1469 14
25 70
1693 88
3327 53
866 26
221 5
3364 5
1167 6
2118 50
2030 77
474 31
3483 46
1320 78
2627 84
2003 72
2941 41
380 24
3675 33
1335 65
3497 26
3858 58
3065 51
1487 24
3152 55
2622 26
3984 10
334 100
3681 51
2569 26
54 34
2655 71
4019 16
678 14
2188 16
805 15
3606 25
682 7
672 62
1592 10
2089 17
1409 74
1194 49
1537 28
495 92
670 68
3450 86
2010 12
3638 90
2662 25
3730 88
2014 20
3820 95
2717 53
2237 81
140 12
3290 55
1394 76
3466 87
40 82
3964 45
124 74
991 66
246 34
1426 8
1307 79
3994 79
910 55
1426 43
122 53
1744 22
2751 42
2110 69
2693 33
2406 69
558 95
2530 36
1705 54
3505 28
3651 30
284 49
151 66
3209 50
2540 38
3302 12
2603 97
2287 8
1304 36
2236 87
628 54
1498 30
3468 25
2871 59
1945 71
2485 55
2475 89
3147 69
459 45
2308 89
4074 8
2898 100
700 53
1444 23
379 26
2600 10
3739 4
3514 54
2640 15
2843 95
4029 58
139 70
984 24
872 15
601 91
493 1
2381 24
2088 56
3604 71
876 42
1800 57
2668 67
3155 85
3127 41
1088 48
1391 5
2790 73
758 38
3686 85
4011 29
491 54
335 57
1957 37
3446 84
469 58
587 54
1046 86
295 37
530 16
1130 29
3312 69
2693 35
1536 47
552 82
3396 97
3567 27
2035 76
3997 60
1957 99
537 28
482 89
1612 53
324 35
3246 25
3270 75
3934 67
2676 11
124 94
2486 100
3220 53
132 90
1580 35
837 15
2125 26
594 7
2204 17
1492 63
3010 44
1429 55
2291 66
2219 69
1669 17
2818 74
3603 27
628 90
1255 47
3475 58
2964 51
605 48
18 31
4018 62
3106 98
2360 77
549 19
239 1
687 61
1857 1
955 24
2171 35
2112 67
368 42
2335 33
1668 8
2008 72
2101 88
3593 9
2207 71
3153 25
1026 59
375 18
200 45
1503 89
1501 93
2400 9
1568 10
1876 74
3993 9
2793 95
3292 36
1822 74
2164 99
2488 61
834 2
2051 31
37 58
2590 39
2262 37
2152 42
577 3
2648 89
1975 96
1351 34
1825 30
3599 74
3417 84
3160 95
940 32
3747 25
2176 83
1025 95
356 74
3249 8
3905 63
2202 98
2169 34
1072 35
1200 36
639 67
2710 57
3467 24
3638 53
1942 52
3154 47
190 93
3319 16
145 14
2745 20
3763 43
399 19
3701 2
3588 82
3702 20
276 49
414 66
686 63
91 83
2884 60
1689 28
773 51
2420 94
713 81
1774 91
696 77
1107 21
564 40
2369 75
1371 16
3492 10
3144 4
3318 8
740 30
388 5
881 55
1895 36
1153 34
3612 26
1670 7
3122 34
1754 31
3862 74
1535 41
830 50
3852 33
3092 14
3795 59
526 83
2106 60
875 98
1563 5
3250 85
2344 22
2870 3
2338 97
38 12
3328 42
2343 19
2789 95
3976 25
1560 45
236 46
1908 38
2694 57
1342 17
1734 94
3411 66
3452 9
3373 54
3293 23
726 17
1593 21
130 7
2232 56
1472 56
2016 40
221 33
3805 98
1463 53
1751 76
2510 66
1017 77
2047 28
1648 16
3071 5
3273 1
2302 64
587 2
1338 86
3021 34
153 11
47 40
3513 75
1500 41
719 64
2486 44
3291 19
1816 50
571 43
2170 69
1479 62
411 100
2362 1
366 46
3608 25
798 75
618 80
3352 75
2880 40
1749 60
1719 74
2716 100
718 2
3283 15
2811 93
1233 45
3885 65
845 57
4063 28
3455 73
1978 47
3291 3
2442 56
2930 48
1283 58
1677 2
2184 66
476 99
1672 89
2284 75
2401 70
2880 58
297 74
2491 72
2686 88
1055 2
2067 10
82 76
1703 62
2116 72
881 70
2474 54
163 19
1532 85
2276 64
3802 36
2753 82
1388 92
1482 93
1272 85
3698 48
339 31
3122 100
287 99
2053 64
3778 38
2922 78
3204 95
2881 23
154 78
3437 57
4025 99
2815 71
3618 71
1659 60
668 93
178 76
1122 26
1409 52
1886 72
1383 56
3809 94
3939 59
203 27
540 86
399 29
1380 4
2380 12
911 6
4034 18
3996 20
1675 4
2949 92
1281 9
3517 28
532 30
3968 41
3500 50
2756 24
179 5
229 89
2627 31
3747 51
3299 35
620 31
3111 87
3405 15
3567 40
1969 91
3201 24
1943 62
1159 47
2921 51
3650 41
1820 41
343 27
3738 95
3353 3
1982 89
2341 61
3969 27
2777 36
66 84
535 8
1896 32
3660 88
2195 97
1705 29
1707 56
3629 41
2143 57
1618 1
1787 28
1911 60
2028 89
3539 28
1409 74
1251 93
79 93
437 73
3793 20
1268 34
3550 39
3261 20
2330 61
156 31
964 60
1739 48
3358 94
1896 41
1941 59
3137 86
1678 46
3120 31
4035 80
982 98
509 34
249 9
3065 38
1237 74
1321 45
3909 29
2048 43
1296 63
4062 7
3062 86
2021 2
656 16
2208 6
894 40
3025 45
2911 50
1852 26
3799 19
2904 89
2233 11
3673 3
3399 21
1254 46
872 12
3478 12
1333 30
3337 38
1501 74
1784 40
2674 92
4074 6
496 35
1132 6
2148 70
1775 45
4031 69
2208 71
2660 20
952 31
933 62
991 87
870 61
2465 28
292 15
3989 42
2632 38
2811 51
4037 9
84 31
1864 49
264 25
1110 63
2856 10
