840 54
950 91
507 65
935 41
798 86
236 47
711 44
72 42
170 16
823 79
714 24
156 27
791 44
910 99
671 69
195 44
160 48
555 71
752 18
469 43
982 69
608 87
752 36
843 37
862 28
321 27
585 37
829 17
863 38
853 79
505 97
535 73
169 59
310 41
600 1
127 66
756 47
217 10
395 4
820 1
576 75
96 74
247 17
367 76
98 6
469 20
873 75
607 22
1009 79
751 36
473 67
484 28
457 42
418 77
904 90
319 85
492 71
681 43
408 8
524 42
99 10
424 39
105 40
295 47
816 100
310 24
488 64
26 54
593 72
569 58
280 26
324 41
229 100
140 61
756 77
531 88
936 50
544 21
111 96
845 1
40 64
265 5
674 80
384 8
541 88
665 23
294 45
971 19
222 48
367 43
767 30
129 70
613 79
642 59
723 77
10 76
532 6
295 46
794 75
885 20
21 9
135 52
1018 22
444 100
931 4
77 27
458 44
126 32
639 38
613 57
369 9
126 52
316 13
953 24
726 81
527 29
288 68
642 75
991 56
1004 82
611 16
593 16
771 31
597 94
270 81
340 96
374 99
527 74
602 27
232 79
939 53
62 18
1024 34
936 82
194 81
190 79
165 62
723 17
753 33
156 20
868 14
218 39
854 30
838 98
155 17
739 62
259 74
461 5
645 95
27 59
177 56
367 50
981 86
921 26
83 92
123 63
834 29
685 24
408 70
337 8
318 57
551 9
688 84
553 78
235 90
255 73
117 7
393 84
907 82
696 32
464 88
605 100
595 17
998 32
302 47
906 47
75 63
485 79
800 66
598 21
533 48
927 67
662 89
774 7
87 41
130 1
922 36
740 81
863 20
103 62
285 50
16 20
95 49
480 52
861 88
374 88
49 65
358 64
666 42
311 33
964 65
420 16
839 97
656 50
219 72
598 2
550 65
181 78
739 75
699 31
285 93
487 88
764 81
167 97
463 56
330 70
4 75
237 42
934 32
52 2
316 26
321 95
67 22
185 81
500 38
817 54
367 9
896 11
45 49
299 83
329 10
499 87
255 28
765 50
880 21
364 98
734 47
908 16
831 88
596 92
190 46
718 28
222 85
769 1
756 84
960 33
359 3
415 64
973 3
694 79
736 73
158 69
995 27
393 33
13 68
309 94
747 92
1017 46
83 70
399 63
2 63
702 22
385 10
302 20
216 29
344 72
1002 3
795 69
766 33
635 28
62 74
200 9
95 65
493 82
733 82
590 70
1008 83
456 1
770 33
793 34
464 69
1004 69
319 67
1003 71
848 100
233 100
712 54
220 94
940 79
43 19
954 28
216 20
881 24
65 50
158 34
444 70
706 71
814 94
239 34
264 14
284 5
347 85
367 84
646 40
715 75
43 34
897 86
703 21
857 22
526 12
614 34
561 52
526 94
716 48
784 80
244 30
453 88
552 91
240 84
983 50
87 56
970 82
17 67
294 26
560 100
91 83
744 93
892 48
454 7
737 62
629 14
288 24
672 92
396 52
381 28
1012 68
55 59
773 24
601 91
948 92
227 17
476 57
867 84
337 27
982 18
98 70
1020 73
319 55
412 26
244 11
198 92
189 12
793 37
976 50
895 49
853 46
910 39
270 29
586 9
208 31
483 57
830 81
804 53
800 57
363 3
230 22
720 39
793 98
655 43
525 3
968 79
781 90
335 98
294 49
57 27
260 11
448 47
684 44
3 21
746 88
635 9
46 92
400 40
765 99
561 55
77 78
529 6
205 57
532 38
408 62
494 57
760 65
339 33
771 89
254 57
212 54
321 9
270 25
154 62
381 87
349 16
982 82
616 20
876 99
710 97
781 7
104 88
333 30
83 79
971 62
642 21
437 6
932 22
602 91
138 93
583 52
317 88
528 67
441 21
994 35
562 88
883 23
168 54
898 48
495 31
545 34
987 89
591 69
665 55
608 30
758 23
271 82
810 56
282 43
778 25
836 77
127 53
755 58
6 68
411 81
422 26
141 87
508 21
792 97
561 38
276 11
161 84
477 28
232 79
350 23
306 62
487 44
76 8
628 14
573 68
368 42
235 66
806 96
442 80
65 51
870 9
988 58
399 91
693 95
102 30
734 40
650 69
397 49
895 28
224 8
982 71
867 25
393 40
184 40
153 31
133 19
269 87
283 44
5 68
749 20
452 47
564 41
827 97
783 37
859 26
969 12
250 100
153 97
14 55
315 12
801 51
935 29
447 44
206 6
782 14
872 52
573 83
941 4
814 88
20 83
694 63
601 63
830 93
4 62
657 3
174 42
45 87
283 74
974 48
195 43
12 13
246 34
486 31
903 36
634 96
530 5
171 42
222 83
915 67
480 68
552 11
801 37
161 68
127 9
902 12
810 52
570 97
535 35
133 71
372 27
963 25
568 70
401 2
148 45
118 3
643 5
30 85
633 82
237 54
601 72
857 1
892 7
481 70
504 6
103 22
957 13
573 76
259 93
450 9
814 48
127 26
417 98
700 79
265 75
644 8
183 30
147 65
214 71
453 25
653 39
251 71
54 25
707 40
737 32
616 50
330 1
888 24
211 86
358 96
944 35
195 72
548 1
624 97
116 84
504 77
242 65
852 36
736 78
255 4
372 99
610 14
345 27
241 50
133 70
411 71
974 1
1017 53
598 32
698 86
262 45
932 55
659 52
706 31
487 44
720 72
736 63
163 63
333 42
21 2
195 58
875 93
511 75
827 47
510 28
557 26
350 32
956 18
270 58
148 68
796 50
407 88
312 15
459 28
1001 90
595 55
835 96
541 93
93 31
950 1
626 64
524 68
579 40
467 40
310 29
392 91
91 36
886 49
507 28
664 97
1007 93
967 85
740 47
780 100
754 66
98 14
206 96
487 75
669 62
903 35
575 96
311 84
725 21
995 15
338 8
460 86
24 99
908 8
149 10
666 7
914 39
5 17
514 25
545 21
119 6
196 83
253 76
746 48
531 17
488 12
531 21
849 75
695 99
210 57
472 99
20 2
204 42
420 12
571 67
301 64
383 71
165 77
352 70
332 14
488 85
463 91
453 37
1007 2
746 32
220 68
61 40
342 77
633 62
541 54
973 95
284 54
1003 1
992 69
808 40
52 43
912 79
403 24
430 69
630 41
944 61
372 36
931 23
294 93
686 56
699 27
495 80
964 13
475 41
319 47
810 39
851 37
150 67
242 24
22 92
969 52
426 26
676 96
836 53
982 66
17 69
865 10
408 74
328 34
993 98
875 21
466 46
413 42
486 62
994 2
919 91
432 8
853 28
143 22
162 74
377 54
412 59
863 1
721 20
457 41
235 61
334 41
607 16
588 43
207 74
448 12
936 16
141 17
147 60
314 9
1012 7
788 58
118 24
103 82
950 41
774 1
945 52
581 82
292 45
788 68
366 25
538 20
142 84
410 52
544 12
168 74
835 49
772 51
750 79
152 72
832 5
609 12
950 70
893 63
602 50
548 27
332 28
166 1
641 20
803 97
234 78
869 17
143 85
294 23
269 34
106 69
249 63
309 34
957 51
687 46
692 19
122 34
862 33
40 47
167 51
934 83
456 42
742 99
149 20
463 66
580 17
263 87
451 57
759 23
27 64
842 90
787 22
690 62
371 78
534 5
676 8
889 9
345 87
519 17
404 44
350 53
654 87
242 47
863 47
1007 22
583 42
639 74
878 63
798 24
827 24
477 36
891 34
929 14
759 51
732 29
397 91
496 86
198 79
170 13
392 87
505 88
257 15
39 58
574 6
593 83
517 69
479 34
360 74
383 51
178 74
1008 17
321 10
649 17
155 16
843 46
596 32
1011 46
285 79
331 92
149 34
268 7
126 41
389 45
995 14
806 70
820 86
892 70
297 87
18 82
437 6
839 87
1015 6
1015 80
464 91
427 86
921 72
884 5
199 60
356 27
395 30
837 98
618 43
454 31
277 83
838 45
253 51
246 59
31 45
697 7
352 60
81 3
47 79
46 60
861 20
712 97
540 2
848 53
107 88
241 75
1022 79
657 36
404 40
821 61
436 6
789 83
841 35
526 96
888 79
701 48
195 23
185 28
410 38
504 81
225 44
707 31
194 28
928 1
587 61
72 13
137 44
169 57
849 14
934 91
65 92
61 77
458 88
303 94
934 69
614 99
116 10
723 36
870 59
715 92
766 72
177 55
647 26
149 95
607 3
834 19
844 100
217 90
539 53
189 6
84 89
533 10
923 50
197 9
983 76
713 5
989 84
771 96
333 43
94 19
297 66
286 47
789 68
987 26
205 98
689 73
414 15
781 75
863 12
374 85
911 16
569 21
877 90
246 44
100 49
165 72
593 98
132 53
1021 4
416 22
375 85
92 99
154 44
83 9
862 43
608 91
580 80
746 69
207 28
1022 82
24 88
881 97
73 43
359 20
605 36
285 32
74 62
83 63
511 73
296 70
537 13
132 92
736 50
327 20
90 54
416 91
216 37
742 28
173 64
74 69
711 25
104 69
296 80
270 81
233 14
224 70
131 55
926 57
72 98
920 44
749 2
578 11
590 58
871 46
926 90
607 96
183 17
219 58
572 88
997 88
983 42
688 26
537 92
184 71
484 57
993 8
527 37
704 27
265 99
476 94
949 61
638 81
136 58
261 93
677 18
51 73
360 66
208 78
645 92
264 5
744 31
587 46
548 94
212 4
1019 32
485 26
32 75
920 88
738 25
35 71
35 71
661 55
919 17
171 47
215 42
133 37
752 54
207 4
835 93
810 32
497 16
372 30
960 49
574 75
524 17
395 39
700 64
626 77
75 51
612 34
650 69
172 53
2 1
313 40
97 35
512 9
638 41
488 22
429 6
376 70
306 23
358 68
565 9
340 42
595 41
262 34
594 70
531 26
333 22
350 3
907 31
303 46
908 99
797 1
932 77
520 6
249 42
378 79
1 8
195 58
662 100
752 16
398 2
1004 63
898 76
856 68
357 36
481 33
609 95
680 32
471 37
495 35
692 45
485 74
429 12
420 83
837 53
486 93
324 80
753 43
474 96
256 38
139 95
194 9
684 88
1021 27
934 3
885 77
12 48
352 32
237 61
613 22
839 21
287 73
983 57
595 3
183 62
728 60
268 31
414 100
513 86
516 92
502 75
276 9
261 17
534 65
1005 26
570 34
30 97
258 65
975 90
250 9
326 83
313 61
541 42
209 36
951 12
79 42
193 28
168 6
682 86
360 38
202 40
375 57
1 16
937 90
677 32
732 36
949 100
854 68
345 98
82 81
661 46
1017 18
945 65
596 47
602 79
287 29
1021 72
470 29
959 66
184 76
1002 58
441 88
501 26
39 49
414 4
10 41
435 21
495 94
812 76
794 87
346 55
855 19
793 10
12 98
342 39
616 31
860 1
513 16
116 3
113 37
686 66
357 81
701 27
17 88
139 51
375 32
1005 18
418 1
743 78
601 2
722 5
575 69
622 97
726 42
370 33
394 96
177 80
751 71
182 95
685 1
62 67
159 65
486 14
573 26
240 26
353 10
854 3
84 25
888 97
244 11
365 83
844 73
259 8
725 29
972 73
407 89
838 86
383 28
521 99
95 15
238 16
689 55
180 9
823 39
965 31
753 77
667 48
665 88
992 9
503 24
762 85
619 58
993 70
757 67
785 94
25 14
254 21
816 16
228 33
422 63
497 15
319 95
405 19
529 95
1013 85
675 33
339 41
253 38
575 98
998 78
451 71
352 47
714 10
18 53
33 4
778 96
112 50
226 83
556 33
853 35
576 44
47 13
55 90
510 56
138 86
302 70
181 7
119 22
19 58
186 58
744 45
834 97
965 54
18 70
898 45
424 43
544 70
597 57
571 41
404 39
859 69
525 81
684 97
789 82
344 48
807 37
189 95
923 92
132 60
183 24
148 57
521 100
353 99
319 41
272 23
472 58
535 54
769 82
326 32
128 96
279 98
785 65
291 61
145 70
333 41
975 88
79 39
937 9
576 75
342 61
577 95
373 77
333 99
583 74
857 36
347 7
497 66
4 73
915 56
426 82
648 47
1016 76
288 91
836 33
560 81
373 7
154 26
809 97
36 82
433 42
498 94
329 91
666 85
761 38
19 29
928 51
908 72
280 95
514 67
590 60
841 98
463 6
244 82
169 26
95 25
1019 17
855 81
985 76
269 41
469 5
765 9
842 96
497 95
47 43
15 50
551 69
357 45
116 98
420 12
804 61
10 76
900 18
689 86
502 92
84 65
577 51
142 66
928 36
455 77
685 31
860 45
946 84
46 11
743 48
839 59
720 98
504 73
334 88
252 83
639 76
361 87
720 47
225 31
509 89
619 1
798 12
240 43
508 15
61 59
607 76
914 2
324 38
641 96
548 12
242 97
992 98
18 50
398 46
451 85
313 92
451 40
178 91
73 26
872 47
363 63
654 64
369 13
166 56
591 58
206 29
259 83
979 49
273 69
397 84
1024 39
338 37
820 81
299 60
1020 61
248 2
125 31
6 78
211 87
889 4
987 10
40 38
554 15
518 5
821 26
22 57
445 26
303 76
80 52
536 82
463 92
578 15
30 89
284 36
765 89
126 41
105 4
921 69
891 98
483 16
92 9
957 11
241 97
109 97
460 47
539 42
712 27
475 65
827 9
185 21
533 24
768 91
179 26
43 84
828 51
621 32
726 24
966 95
903 89
675 92
446 100
583 13
63 85
818 4
465 47
900 12
74 97
381 94
591 51
790 83
598 75
37 40
245 70
866 35
606 8
470 44
115 82
740 19
256 6
611 79
524 41
555 93
651 34
183 59
703 38
769 39
214 41
839 77
689 73
372 23
619 39
347 57
95 61
249 73
442 67
999 35
66 86
509 36
899 9
436 31
404 52
323 18
978 29
297 24
200 99
566 37
553 66
350 2
668 14
589 100
480 9
953 77
24 69
298 59
556 32
783 14
939 34
908 72
100 81
118 59
338 96
450 39
820 80
781 96
739 98
708 29
781 95
542 12
816 63
164 80
709 77
962 86
333 99
366 15
496 38
202 30
686 8
587 36
568 71
950 38
945 37
926 30
952 90
736 82
505 39
390 29
600 53
868 61
126 38
193 98
421 41
460 60
234 54
492 42
301 20
394 10
971 94
11 76
307 20
911 45
265 49
725 2
681 67
657 24
891 84
237 97
219 78
589 78
493 11
168 89
131 37
958 81
86 20
363 84
30 77
848 69
236 31
383 46
349 46
458 58
804 7
500 53
870 51
929 74
755 30
173 6
903 89
810 28
620 93
401 34
379 28
184 54
784 49
663 89
839 23
291 40
930 93
74 46
929 17
339 58
408 20
324 96
19 44
531 24
703 21
679 52
766 80
672 79
470 47
53 41
71 89
559 81
699 55
463 92
420 13
504 87
375 38
757 16
46 78
920 2
450 30
725 49
525 82
167 85
600 26
133 100
37 11
861 30
678 80
753 81
527 39
672 6
240 45
380 23
295 27
11 8
212 96
998 52
493 72
484 67
409 10
8 63
684 39
906 63
920 1
717 73
100 30
206 60
333 91
101 44
506 58
323 28
845 64
312 67
947 86
428 63
463 36
677 74
847 55
163 6
427 29
99 14
381 67
649 38
284 72
620 5
551 79
798 92
256 86
170 78
758 25
436 51
622 62
868 33
265 78
322 97
156 81
741 64
973 88
647 21
94 35
1004 91
69 71
401 57
357 44
423 38
543 63
63 39
532 15
263 37
140 70
200 28
515 70
959 86
306 67
756 68
37 29
357 21
653 52
787 98
572 20
931 62
235 32
397 3
288 31
115 91
678 7
423 63
1024 38
860 49
904 86
548 50
313 82
173 30
465 47
278 26
551 7
840 72
901 24
739 12
735 54
65 26
707 65
790 100
967 91
461 74
44 15
964 69
379 54
308 70
783 32
399 83
488 78
696 16
350 86
802 87
605 5
115 32
530 6
105 1
505 67
597 8
39 32
992 36
793 97
843 82
19 94
543 95
639 78
525 31
137 25
536 81
225 72
599 82
674 99
532 49
387 43
685 77
600 46
768 2
522 23
766 94
855 26
548 35
124 50
137 64
595 34
438 20
455 63
66 74
816 10
818 21
98 69
159 78
259 84
947 4
750 62
661 20
186 39
27 95
208 88
156 21
566 99
804 71
481 31
859 88
698 55
303 7
884 40
460 6
930 60
717 29
272 97
239 88
442 2
387 67
954 97
491 78
3 78
278 73
38 85
959 27
482 28
888 47
247 59
214 48
407 68
750 4
176 87
904 25
528 5
544 35
679 68
16 66
121 86
113 26
912 21
873 73
342 91
613 78
163 76
617 76
691 44
493 100
194 61
902 7
589 65
562 17
422 37
394 58
788 48
423 21
105 85
84 11
488 44
992 14
991 22
923 67
618 10
58 35
132 79
300 40
723 28
940 100
487 86
576 19
385 26
523 48
316 46
941 93
731 6
425 73
773 16
526 36
754 1
25 72
778 70
44 48
127 4
1010 8
134 51
988 65
299 96
611 29
853 44
277 37
81 13
102 30
917 98
222 2
858 21
693 78
24 99
592 9
659 67
690 30
969 4
574 47
417 38
573 95
363 54
332 21
596 12
263 28
444 89
781 39
405 59
438 13
303 29
728 29
177 80
737 61
328 29
925 72
624 31
885 28
313 75
41 31
390 73
274 49
758 30
296 45
940 34
614 16
311 3
270 36
555 23
887 21
521 13
651 2
511 25
611 33
514 85
780 79
531 5
253 36
790 29
970 67
418 51
407 59
249 85
145 65
153 23
397 21
980 7
315 25
930 81
611 22
107 75
61 83
247 4
933 40
994 49
721 4
20 16
269 53
691 93
948 68
736 25
303 79
165 17
214 6
107 58
60 12
445 97
297 95
540 72
78 73
48 65
606 66
832 41
222 4
638 39
976 54
474 63
106 59
198 9
640 99
826 92
860 80
123 87
320 96
467 46
562 5
708 5
495 95
216 45
797 87
22 19
147 93
367 96
1001 75
359 53
424 50
814 24
756 52
865 11
383 6
342 63
643 50
538 32
800 94
263 8
286 92
321 81
938 62
385 31
120 4
413 59
154 17
900 46
502 44
859 14
268 15
1013 60
688 28
826 14
664 34
599 61
197 46
711 48
1013 45
444 12
352 40
409 84
416 34
41 39
572 100
335 2
575 58
667 96
604 15
95 60
196 44
130 78
1004 82
924 62
288 22
557 37
246 17
396 99
564 54
583 78
727 22
381 2
169 13
41 38
513 90
863 64
842 10
78 26
738 90
436 20
391 12
611 51
911 89
279 48
768 46
482 98
723 24
113 66
605 82
328 51
92 73
609 27
301 35
658 14
22 84
568 41
1014 82
878 53
164 74
456 2
956 53
571 94
868 56
295 78
768 3
730 59
952 66
604 43
805 16
786 52
104 19
358 5
788 54
586 33
849 18
416 22
326 17
321 69
10 89
405 15
457 20
669 65
41 86
966 94
434 63
483 37
988 92
765 49
684 32
182 23
732 79
667 34
344 48
939 31
802 10
544 59
721 53
50 86
256 69
722 2
719 57
417 81
1009 59
707 23
142 7
638 37
631 65
711 38
140 84
656 41
313 25
345 85
537 9
170 77
143 15
374 6
657 8
620 1
138 7
448 12
554 20
115 74
671 37
643 8
897 23
44 75
629 26
253 44
461 30
447 24
110 82
147 49
63 10
826 12
195 12
22 50
648 80
364 69
236 58
254 95
502 67
832 15
528 46
134 11
507 74
169 23
652 31
81 70
601 56
860 61
467 25
368 49
979 87
631 66
351 86
333 74
719 91
301 30
535 65
365 98
278 93
865 7
175 77
215 31
839 78
7 35
51 94
496 27
334 10
428 56
199 12
1003 37
49 5
648 43
785 47
414 29
81 73
424 38
36 33
578 73
299 4
229 81
738 45
280 28
845 39
118 45
329 88
831 44
544 67
268 30
770 4
820 93
431 78
596 37
914 52
134 51
197 39
720 66
910 63
563 63
498 54
437 88
142 6
61 21
817 65
627 2
169 26
720 41
794 73
123 64
845 54
240 32
311 91
590 94
780 87
971 2
812 24
383 70
884 66
907 28
271 33
356 2
422 11
21 44
897 47
361 80
1007 91
178 33
795 49
813 63
165 98
76 64
4 57
476 5
947 25
537 41
650 80
946 6
604 7
236 77
233 38
810 40
373 95
559 38
961 30
119 6
950 55
195 21
280 13
508 99
798 26
376 95
453 7
48 87
588 26
445 41
52 40
40 12
851 48
519 55
596 99
525 33
799 47
506 82
273 87
996 23
476 45
912 37
441 54
92 12
980 61
327 74
406 75
110 13
620 92
195 17
328 1
219 69
662 91
557 23
84 94
456 10
84 35
952 46
60 90
894 95
56 93
435 43
759 66
939 44
261 57
595 98
969 27
407 73
347 57
661 48
597 27
289 64
424 36
75 98
746 6
757 78
823 48
656 2
486 45
519 33
247 42
274 7
933 73
910 50
1000 36
138 71
837 8
140 18
120 95
300 87
915 99
616 73
61 87
636 40
44 78
132 3
593 65
232 11
127 79
980 16
545 95
447 91
303 100
556 57
981 54
831 60
973 24
987 44
486 92
240 89
621 19
132 69
117 62
289 58
274 7
925 3
898 11
137 32
363 30
478 11
126 47
4 3
944 86
36 66
1021 97
836 21
1019 54
919 74
299 29
974 60
657 22
567 61
229 86
814 72
194 86
217 23
790 5
458 86
780 12
398 43
276 17
656 38
629 16
228 70
796 19
271 31
422 21
145 56
887 17
82 15
585 37
171 97
212 92
992 99
797 43
681 10
792 54
109 97
286 32
835 86
230 3
802 52
314 100
483 17
960 83
226 19
722 35
98 100
672 62
327 73
668 18
522 41
897 96
962 20
969 39
988 59
222 13
431 58
558 71
1 36
787 97
347 43
388 45
957 61
788 58
266 92
781 88
891 87
990 1
990 67
298 20
228 74
491 61
274 98
887 68
882 99
619 47
491 70
688 11
542 72
464 40
253 71
685 64
441 97
126 64
339 21
55 96
897 99
1011 34
448 30
964 72
984 52
981 52
366 6
271 63
459 11
630 77
844 94
446 18
262 69
803 85
379 76
742 50
197 46
499 87
936 94
339 59
875 51
921 48
260 9
909 95
91 73
371 32
497 52
123 70
468 89
152 71
276 11
443 13
386 64
144 56
948 14
643 88
544 5
162 96
185 80
409 53
559 71
567 53
901 94
417 84
199 31
455 48
826 42
29 15
1019 2
868 99
55 16
351 20
300 44
585 45
357 48
735 93
547 21
533 59
21 34
166 73
652 32
577 90
882 39
157 69
629 15
605 2
975 56
142 23
589 11
283 13
503 29
3 54
54 65
729 51
341 56
429 75
1003 97
82 46
669 14
865 55
268 88
137 50
8 86
849 31
885 76
1017 92
199 95
319 40
833 40
870 82
728 3
1021 98
581 10
544 30
881 34
288 15
647 2
171 64
253 92
103 43
644 46
945 78
1012 87
646 66
970 59
207 93
102 51
769 98
565 93
94 84
666 12
262 72
66 20
60 59
707 60
467 88
497 78
478 51
270 28
778 50
377 52
971 95
960 25
441 65
297 65
779 1
198 82
553 96
454 64
415 13
550 55
838 56
61 69
66 94
635 67
752 72
634 43
460 34
213 77
490 43
123 64
657 57
954 83
621 76
217 83
667 50
75 10
6 11
199 57
770 51
482 48
378 38
231 62
17 5
206 76
675 60
493 81
947 37
802 47
666 72
938 87
268 16
896 92
905 47
274 50
785 94
238 49
529 25
82 94
608 8
359 89
803 76
198 83
420 1
411 55
789 48
919 15
48 55
158 37
822 34
610 19
865 95
817 41
931 52
693 58
573 11
319 10
138 90
198 40
622 76
682 20
100 15
248 89
586 20
540 15
152 58
900 23
928 40
70 17
9 33
845 74
244 40
507 18
696 47
128 47
887 31
99 78
1021 32
894 5
875 46
892 92
558 15
689 47
73 38
807 34
855 51
943 100
437 64
857 47
137 92
459 39
411 84
825 45
64 7
480 30
278 39
538 39
864 31
789 31
1007 20
374 33
150 45
99 11
533 60
91 10
540 42
856 86
249 73
948 11
875 96
805 96
18 82
521 81
864 37
169 27
159 49
249 48
114 63
161 83
7 26
306 23
209 84
512 17
51 41
61 71
372 6
218 61
853 33
750 53
456 90
379 87
323 3
478 97
695 71
130 94
214 86
150 86
924 94
16 64
461 42
563 61
699 70
615 99
722 18
64 26
996 43
547 38
118 66
15 2
267 65
948 82
492 64
238 55
690 62
260 47
133 18
859 81
193 78
744 18
166 10
74 68
853 4
632 72
517 9
282 45
176 7
987 15
911 9
508 76
1009 63
964 90
769 6
168 100
213 53
715 67
986 84
265 55
372 26
51 51
667 48
596 20
533 1
457 1
501 96
569 37
915 47
287 89
58 58
514 42
554 63
901 57
318 43
609 46
938 85
755 52
452 19
801 75
241 52
957 70
348 17
574 10
171 76
970 37
806 85
337 42
111 96
928 21
231 5
528 97
284 62
292 92
474 95
221 8
361 89
134 4
987 78
2 63
44 44
924 57
539 1
765 92
525 95
336 80
859 73
273 80
731 33
537 6
665 61
65 76
8 33
186 99
136 24
774 86
160 77
920 2
525 49
298 41
489 20
901 23
420 34
976 81
403 12
575 28
602 76
200 14
407 94
462 87
222 64
467 18
246 53
376 87
589 68
456 64
366 48
336 78
852 24
628 54
622 57
269 96
923 70
34 17
830 34
521 34
374 49
199 50
571 10
497 80
928 88
142 51
425 69
938 81
672 54
763 3
512 5
146 28
570 45
273 91
874 70
581 27
483 16
46 65
479 30
983 94
626 77
877 72
1017 84
702 93
639 29
540 6
334 47
647 52
931 68
285 61
242 12
270 41
652 71
116 66
621 2
614 81
680 67
793 22
262 30
229 76
351 10
585 3
486 64
237 86
216 4
791 54
962 81
261 84
834 76
298 1
636 46
856 1
790 69
668 25
211 86
202 48
40 69
753 14
715 69
269 83
544 65
153 21
248 43
503 49
254 94
859 76
885 56
485 58
731 71
445 45
888 21
230 92
273 10
832 85
726 38
111 14
1000 63
61 73
993 12
570 46
493 96
305 75
48 70
974 87
202 7
532 80
993 85
663 68
804 47
135 54
255 48
616 18
410 49
48 20
93 56
924 93
388 8
175 78
211 69
339 30
147 45
64 26
797 85
411 35
1017 51
425 50
1003 98
705 13
150 45
190 16
353 55
615 96
33 78
476 57
421 31
651 56
637 55
577 20
245 67
353 46
58 92
391 26
848 70
685 31
353 47
44 33
168 93
859 22
612 48
256 99
72 94
913 80
713 22
12 42
182 18
41 66
40 16
149 56
588 31
921 47
953 92
174 15
479 44
855 90
299 79
424 48
799 58
669 5
80 32
835 98
981 94
101 41
523 75
675 66
834 19
480 33
448 83
679 99
1003 5
301 38
226 63
481 75
792 35
486 41
273 22
978 83
706 94
204 23
309 44
49 61
359 19
177 54
810 15
676 19
212 13
494 21
377 70
952 32
657 37
558 8
80 42
509 63
77 37
610 36
540 73
16 69
775 2
224 45
501 77
788 22
157 69
212 1
35 80
417 33
504 10
724 81
393 4
1 23
345 68
780 37
199 69
593 1
215 63
876 70
981 68
637 52
845 9
601 2
720 34
549 48
953 78
773 34
450 9
431 21
695 99
897 51
214 28
381 17
313 46
125 99
378 40
500 13
777 46
17 2
1016 74
807 45
637 17
781 15
716 22
853 79
220 5
626 73
50 55
1003 26
274 94
639 4
164 28
354 24
786 31
881 32
348 62
624 20
314 47
313 59
913 98
734 40
649 6
324 91
1013 11
470 87
97 30
925 80
686 60
375 69
182 32
722 70
412 36
661 58
552 14
352 34
585 99
583 42
674 4
358 41
301 16
890 5
306 51
123 86
33 90
698 22
222 50
226 87
390 7
127 40
73 14
75 84
1019 95
248 5
936 67
920 80
805 78
151 71
191 3
731 61
565 76
716 25
1014 54
1022 19
276 50
367 86
370 6
311 24
647 96
79 29
488 78
344 31
37 40
504 33
695 2
536 10
303 25
123 22
110 36
280 98
198 64
301 53
832 86
868 81
396 19
128 75
46 73
103 55
1017 64
254 27
454 24
306 62
288 93
116 53
979 80
381 61
492 24
70 11
1019 94
130 29
419 59
634 59
344 59
839 44
718 83
89 90
181 48
516 66
1009 34
522 22
635 2
56 88
167 2
410 33
622 85
442 93
387 50
357 79
604 28
412 76
376 7
803 68
758 31
622 61
119 46
683 90
573 80
524 23
461 34
266 49
608 19
145 44
309 30
94 33
715 70
923 22
982 40
642 51
450 24
55 38
897 9
172 27
251 14
561 83
712 85
95 37
948 67
731 12
651 46
591 95
777 73
327 1
119 86
389 30
898 27
65 59
206 8
751 53
166 5
573 36
130 69
617 62
21 10
544 11
745 52
379 9
92 21
856 22
357 28
511 58
389 32
860 17
351 98
119 15
72 65
195 90
721 69
953 34
284 34
677 75
657 2
12 60
360 17
303 70
485 56
349 90
894 14
553 71
491 5
73 57
192 98
950 44
267 79
844 80
904 34
570 33
601 57
260 57
200 39
544 89
487 95
799 24
624 78
94 49
113 91
337 36
589 32
399 24
844 75
249 10
569 73
309 10
117 95
180 23
949 76
996 43
716 68
209 100
975 41
271 12
275 51
700 43
503 85
735 41
21 33
630 97
128 47
112 97
173 50
287 61
566 38
715 63
432 69
779 15
641 16
133 53
269 65
547 16
66 66
654 62
276 41
347 98
1020 96
527 2
965 1
574 56
421 29
335 60
736 1
386 84
845 16
892 83
602 18
182 85
210 58
581 28
63 57
147 50
649 85
125 20
57 87
108 9
468 80
518 58
483 49
498 51
666 21
997 15
184 43
602 99
16 76
362 44
917 52
191 26
627 72
660 14
289 4
720 71
980 67
952 33
3 34
692 31
88 1
754 26
274 90
286 55
911 23
1001 18
919 54
68 76
646 52
173 73
339 13
442 65
29 76
790 84
11 80
873 15
396 12
622 8
586 87
560 2
504 50
370 13
389 8
682 77
165 75
110 14
855 63
127 99
455 96
703 54
117 18
733 74
251 12
387 96
323 6
352 87
442 80
159 66
168 41
744 14
214 84
472 59
937 95
677 17
421 26
38 52
464 9
996 69
613 24
770 11
524 31
355 8
210 97
783 4
570 10
797 72
631 34
607 42
221 80
90 63
332 57
629 84
597 20
939 98
274 19
348 23
579 69
1 32
590 69
263 51
213 78
366 97
245 14
819 34
416 8
59 42
535 68
821 41
811 99
873 55
354 42
163 76
661 35
32 100
26 99
233 91
10 58
606 71
478 19
228 16
840 33
964 54
784 86
509 46
827 67
142 96
944 43
419 58
593 99
587 65
327 80
15 80
359 91
1022 12
721 9
689 47
510 2
199 71
242 100
1020 9
793 65
643 53
638 95
48 61
809 42
354 15
767 89
48 95
666 4
556 29
918 12
548 7
393 3
81 9
364 36
62 38
785 53
267 81
443 37
657 95
9 23
941 25
814 47
449 72
710 87
306 40
410 81
873 29
110 16
606 37
757 79
670 83
905 95
313 63
669 16
718 51
5 35
1022 89
667 91
321 74
454 88
918 49
367 61
395 60
372 25
996 79
507 24
437 67
184 41
645 37
566 67
838 29
165 88
534 35
204 73
68 76
701 72
4 86
56 84
771 2
42 14
1014 97
447 64
591 81
32 22
122 93
101 70
743 27
920 23
456 57
294 46
440 89
251 95
982 6
857 67
375 51
951 53
102 25
799 60
633 60
996 70
954 39
567 11
199 92
791 3
476 9
914 25
931 33
609 90
777 94
231 31
564 56
485 98
644 91
347 6
716 59
595 15
887 76
222 97
609 42
850 27
937 49
772 76
420 52
209 42
84 16
550 24
651 14
543 86
754 76
881 88
804 14
468 22
403 65
697 46
939 42
1023 6
271 39
249 24
938 3
201 46
238 100
19 62
811 48
376 81
473 19
486 35
5 100
290 13
371 20
789 87
238 54
852 50
566 53
861 99
858 72
429 43
885 57
162 75
225 86
684 51
934 43
737 90
952 25
347 87
48 59
855 70
643 17
356 67
624 6
744 12
109 38
911 6
280 97
60 51
995 87
541 7
704 61
213 90
962 50
930 69
478 2
2 52
748 41
672 36
85 21
246 97
199 15
526 26
842 86
670 57
791 91
820 24
174 34
873 13
501 63
362 7
676 49
102 100
1 62
526 77
918 27
152 74
687 48
101 10
678 26
491 72
786 88
367 8
849 57
396 65
791 12
164 91
314 68
530 45
799 91
579 47
375 17
961 26
954 97
39 15
894 19
861 6
426 73
202 14
447 86
246 72
981 88
1010 22
361 73
562 83
668 4
119 27
37 47
679 96
721 39
100 9
650 98
591 66
337 77
603 57
393 15
175 71
1019 56
659 80
875 76
833 66
625 41
660 57
596 31
498 23
936 5
212 60
631 80
54 91
60 76
182 55
578 21
391 46
982 9
452 72
310 56
1013 98
661 11
627 20
361 7
954 11
19 16
489 34
845 51
387 29
752 68
21 47
92 96
826 24
575 97
269 73
631 11
685 15
449 84
350 52
472 69
115 86
921 42
153 42
173 49
899 63
744 82
506 19
740 27
1015 100
326 61
712 28
319 80
4 41
829 77
288 87
111 2
68 36
268 99
817 73
923 75
692 29
328 80
974 89
244 32
772 50
1003 72
214 98
954 44
866 75
606 96
198 89
342 31
148 30
157 73
896 44
697 99
158 16
1010 61
479 53
621 89
285 4
519 27
233 77
21 4
612 67
948 36
520 3
717 72
765 63
222 99
944 86
959 52
738 15
507 58
308 28
4 22
217 2
1004 62
719 89
580 48
684 59
725 48
6 50
492 75
217 8
910 74
1020 15
398 15
296 85
714 65
22 21
941 68
487 77
378 63
279 92
922 38
145 57
933 58
442 34
105 17
749 78
695 34
173 60
333 70
991 44
944 11
364 28
911 31
553 44
343 87
612 4
429 92
741 79
39 38
504 79
728 68
616 67
74 10
337 3
1006 61
373 13
67 45
421 53
684 71
287 65
135 88
963 7
180 31
527 19
611 2
624 85
581 42
70 56
456 70
368 56
671 67
487 27
718 60
434 61
180 38
371 47
280 60
185 8
367 19
887 53
783 91
134 22
9 79
673 91
351 11
921 19
342 45
863 24
403 18
466 55
417 13
301 4
173 59
73 54
103 69
1016 21
427 98
929 86
416 45
609 31
943 66
278 32
614 32
23 39
1024 44
474 22
711 99
725 91
127 62
665 54
622 10
18 88
613 7
314 19
347 87
703 10
135 20
223 14
909 37
139 96
83 46
783 18
656 62
349 1
160 76
884 35
387 88
1000 91
360 79
334 86
197 91
439 5
447 6
475 58
1015 98
526 31
150 12
492 76
874 31
616 55
839 65
938 39
726 92
683 32
639 37
883 86
120 25
96 86
592 96
453 50
357 47
142 16
1010 77
664 68
118 67
502 39
553 87
510 39
321 38
4 46
564 5
950 8
572 84
925 69
684 74
392 22
137 42
812 53
920 44
981 38
139 16
684 92
877 79
559 63
242 5
499 71
192 11
49 10
393 80
993 39
399 85
560 73
133 97
899 55
702 72
344 61
914 22
13 26
409 57
513 32
561 8
810 77
68 47
863 96
658 54
457 48
351 58
652 58
158 49
596 83
507 92
67 81
27 25
152 70
600 75
483 67
706 10
532 89
424 91
571 66
655 94
413 73
812 47
590 14
54 90
599 74
667 52
555 34
832 94
754 6
466 6
23 11
279 52
97 50
787 44
268 32
34 49
690 25
156 76
98 97
460 50
332 72
340 89
42 28
483 32
395 16
309 42
67 46
130 27
214 35
1013 68
