3515 86
813 51
2892 9
3834 22
3584 17
1818 86
1972 47
4005 26
3003 30
3753 24
334 87
3994 19
3782 92
3406 89
1647 3
3838 92
1788 70
1444 90
892 33
1313 37
761 1
2573 3
2104 38
976 25
2393 49
2617 85
1869 30
2927 80
3980 16
2407 49
3754 47
3973 77
2297 61
2695 2
448 19
3685 84
615 30
2393 4
3035 17
1682 18
2711 45
2762 38
3920 88
1651 52
604 29
1981 39
2457 99
3398 42
52 72
1357 13
3983 53
3836 49
3250 67
201 39
391 6
1653 26
848 44
1639 19
807 10
1092 71
2193 27
2791 14
1724 81
427 21
1270 99
2999 76
1381 11
4004 36
1842 28
2224 79
133 80
163 31
1180 98
3594 30
3915 22
2166 67
3329 91
26 84
260 59
509 87
3182 9
3961 36
1791 4
3458 14
2389 28
2703 30
2774 29
73 29
1144 5
4096 61
1233 84
1251 93
3100 98
3479 26
1934 44
886 33
2563 52
2632 99
3977 56
1759 24
1161 38
3470 37
1022 98
2143 17
3687 81
3320 22
3908 29
2160 34
621 45
753 97
1424 19
3922 57
1254 91
1590 17
3466 55
83 40
627 12
3328 85
1754 59
3061 50
3363 60
24 95
3664 37
3670 37
1549 32
522 92
271 8
2167 98
1060 4
261 97
1917 59
1795 64
2414 92
2558 31
622 82
4048 82
3575 81
2947 32
1031 82
422 27
1657 55
3729 54
359 41
2247 29
1550 45
1005 70
1143 56
5 63
1252 47
958 52
3762 25
1420 88
2093 12
87 57
2738 63
246 46
3997 8
1307 86
3140 54
1808 24
1074 16
3020 48
779 74
3051 43
1906 6
3567 72
3733 60
2824 73
299 49
1105 7
1064 41
1247 5
2901 49
2935 28
2048 83
2863 22
3910 67
468 44
1492 22
1824 38
1473 36
1881 56
1847 72
1816 78
2301 46
2196 100
1665 80
3083 11
2962 81
3039 19
2655 48
1595 98
2530 76
1434 74
2587 53
2532 94
882 97
800 82
2763 25
2808 30
4060 23
3965 66
2727 25
2410 72
1492 80
1594 39
1626 13
2785 15
1558 20
834 89
3285 80
2454 3
319 55
3776 69
730 17
1775 6
3481 22
763 52
899 60
1832 55
2845 64
1892 43
2769 6
219 60
38 50
2729 63
2416 61
1327 58
1628 89
1531 7
1177 69
1737 81
767 93
4011 22
488 90
3449 56
1571 94
3290 89
2310 35
1435 22
1700 92
583 29
1073 52
2323 88
2542 17
2008 73
2202 93
575 86
3770 2
4015 81
2669 97
3617 86
1319 87
2407 56
3789 15
3872 6
770 5
391 71
669 13
903 40
2983 27
676 59
1020 1
2870 81
1759 24
3991 55
2343 71
1056 11
2233 2
2968 87
2779 58
2817 1
2300 66
2257 97
401 55
1198 34
2364 97
2000 51
1144 68
864 30
1342 53
2612 38
229 14
3753 16
3273 69
2767 1
166 54
3994 88
3932 48
2599 26
2609 16
263 29
1131 85
3709 80
3263 57
210 3
883 43
485 30
1505 66
2658 30
317 2
1855 74
2104 12
3673 62
261 40
4084 6
3866 34
893 82
1864 45
1450 29
631 33
3851 45
2694 77
2244 75
2644 12
18 81
2865 75
2968 42
2685 40
1455 92
4011 55
3721 2
2087 56
3861 5
3469 40
84 24
166 39
1859 93
1386 91
2294 37
338 47
4061 33
1629 17
1003 29
2766 23
2802 97
1970 68
808 58
2262 54
3460 72
2519 3
2282 70
3040 36
2774 38
2171 30
3507 72
1779 89
4059 48
2452 5
3493 62
1502 41
3703 59
1344 86
1775 26
2071 13
352 91
1440 49
3978 89
2072 53
3184 84
24 79
610 82
1650 30
153 66
1487 8
3875 52
3608 98
3806 100
985 45
3281 32
942 29
3663 8
2968 38
948 96
133 63
705 78
1691 83
4096 12
922 68
502 94
2733 15
2237 77
3967 21
1909 66
123 73
123 29
3628 45
2427 41
62 39
3615 54
168 76
3910 31
1996 29
1320 16
1014 46
3888 9
3969 78
624 55
765 34
1397 35
3831 18
3471 99
630 29
3543 64
1836 73
2812 45
152 27
4006 92
217 99
3876 17
303 35
3339 89
340 96
263 3
1852 66
3823 59
908 44
1005 92
3049 59
3286 13
63 61
1468 19
1581 66
1042 6
3331 8
3239 14
3195 88
3158 9
1705 88
2142 99
743 97
3410 40
3417 27
315 41
3052 76
1802 82
2672 46
1629 42
551 12
1518 34
737 96
432 48
1531 87
3059 67
3161 9
3064 93
2734 49
2009 47
2939 86
1298 84
2078 43
2534 49
2553 46
452 73
1801 89
657 97
3078 37
3085 23
3675 24
3107 51
2277 76
2615 42
1626 83
1494 32
4010 30
3930 11
1398 30
353 8
3820 28
427 26
3731 41
3294 10
1782 84
4023 68
792 35
3303 34
3520 74
3638 96
3031 60
3781 86
1002 9
140 81
2444 7
2947 94
2582 46
3210 92
3588 72
96 6
2134 53
981 26
2310 7
1030 24
3261 49
723 53
1621 67
292 34
586 53
3357 15
1098 83
2069 17
489 96
1030 29
421 62
1036 37
1942 95
778 32
3002 48
2 8
2424 57
2745 87
556 96
2313 31
913 77
865 45
1000 80
2068 6
1991 81
1894 98
2761 54
2232 41
1199 58
1100 82
933 56
1783 43
1426 84
2820 70
3661 44
2694 70
1542 75
1691 27
2862 97
665 55
2571 59
3265 27
3368 59
2180 50
315 98
3768 27
692 58
1425 51
2684 88
2488 91
2901 99
3403 55
3356 52
1499 42
3237 12
3051 16
2134 30
43 10
2327 94
2108 68
1843 41
1592 8
448 94
3340 27
3319 13
2058 74
3245 51
1614 98
922 69
3883 4
2043 76
2944 100
3158 14
161 84
3567 34
2532 33
580 69
3502 93
1076 63
2187 98
2804 29
2680 19
22 40
1253 97
1939 32
1788 66
515 92
2270 82
3036 26
661 9
1811 25
340 15
473 30
2262 40
3809 84
735 55
3281 71
988 22
3580 45
2912 55
1821 56
2586 66
1281 5
3046 83
2200 69
3481 95
3971 50
4013 87
2278 20
1203 82
402 53
615 48
2759 33
618 76
3339 64
350 85
246 68
3190 29
526 54
3425 30
1014 17
1531 44
664 61
1670 87
1457 64
3740 72
3752 100
575 60
2062 50
581 13
2649 76
588 78
776 78
822 47
2684 26
2235 95
1900 5
3170 39
351 21
1829 74
2864 35
1900 31
3931 4
3514 16
2613 97
1006 25
1209 9
2551 70
699 34
504 11
1286 86
3964 70
1544 95
2315 40
1660 3
3210 46
100 8
2418 4
1765 88
3122 83
552 17
4082 34
2471 39
3019 9
758 60
3396 24
886 19
3528 57
1683 68
3743 17
3480 14
1021 38
868 9
1838 62
1586 65
3287 61
599 65
3718 6
3303 55
3638 8
3643 79
2107 60
2001 54
285 46
3779 2
235 44
2258 66
2396 31
3061 29
1499 53
833 2
1166 56
3832 19
4051 75
1192 14
3367 100
52 2
3791 18
1847 89
2813 24
2300 14
3350 8
330 93
2092 66
3819 93
1031 27
3801 6
284 42
3664 89
610 35
3575 34
683 20
798 97
3103 54
2097 25
3210 31
3539 32
859 30
2510 48
2536 52
772 73
3646 82
473 94
4008 7
3140 14
3544 75
1419 84
1550 10
2361 35
218 98
3288 61
541 42
477 88
1977 88
1841 58
3592 21
3617 60
1075 30
605 77
1050 29
2582 29
2495 55
2184 70
433 51
3844 61
2892 98
1321 23
481 69
357 78
931 5
1023 64
801 55
2721 41
888 16
1217 47
2308 22
1424 30
3820 6
4001 52
2167 33
727 100
2041 64
2817 71
3334 92
1999 96
472 96
2400 73
813 45
3160 41
1659 92
2839 6
2713 10
2891 26
1330 73
1664 36
3179 53
806 20
2863 11
1602 46
1082 52
1676 100
351 84
4049 34
448 98
942 19
2313 68
3706 41
3613 18
184 28
1408 36
3539 77
2509 49
1185 30
1777 97
3729 29
3696 95
161 89
3736 96
1379 15
3195 69
1569 32
1817 27
1353 75
2983 61
676 71
663 60
401 44
2652 19
3980 2
3667 74
3139 14
2338 29
3892 69
411 2
233 3
2020 43
179 64
1225 68
3173 56
1675 91
597 28
2151 27
3164 13
633 31
397 36
2361 36
1738 65
1079 100
445 59
3853 49
2522 94
2062 78
1803 18
719 3
3685 5
2220 31
589 41
1069 39
444 49
919 55
3193 66
3773 43
2837 96
1535 93
571 100
3259 43
3024 95
294 4
922 36
4064 17
1133 31
3878 69
3008 28
3550 36
1653 81
2915 13
3987 72
1298 88
3640 68
1032 21
680 25
3745 75
1839 79
1487 79
2032 84
3725 76
2134 19
601 98
2504 70
866 93
3268 72
1089 96
3683 20
1635 9
3723 53
1702 54
1157 12
3818 62
2117 1
2278 95
2048 55
1855 7
303 11
2374 79
753 45
2294 40
2423 13
1956 52
3213 61
1921 13
3228 54
2344 71
3073 86
3710 28
2679 26
3792 70
3981 96
1427 66
2842 95
257 41
604 1
1062 17
1868 62
1778 97
625 82
1747 32
607 52
517 22
997 95
2860 83
1192 38
3901 95
209 80
1645 11
3299 91
762 87
3064 61
501 2
2163 51
2656 10
4047 55
1220 76
1466 100
2195 26
2036 61
1060 66
4087 52
3897 26
2455 73
2228 24
1138 34
2462 3
2039 55
3465 6
1416 12
1406 90
97 64
1245 52
854 25
319 65
1885 92
3002 57
3647 39
1143 74
472 70
2425 56
2439 70
2553 100
771 3
2640 49
4010 59
3046 38
1149 61
3322 64
1397 25
1965 38
314 12
1684 23
2952 52
1057 5
1736 63
3564 73
3306 23
3105 82
2358 20
536 21
1666 24
2346 20
260 28
3267 33
181 92
489 35
1959 90
997 28
85 46
3631 58
1212 32
2139 38
1714 9
1908 88
1118 17
3274 92
881 58
345 23
2391 50
1115 93
3601 60
2878 71
3325 17
198 89
2932 43
2602 52
590 96
854 28
1327 11
167 87
2571 62
246 56
2597 30
1236 89
2677 78
869 53
207 62
881 43
3180 48
2996 25
941 64
1940 5
