1040 40
683 36
2519 19
3627 39
1807 24
1758 91
1737 90
2563 78
3477 54
2329 98
2988 50
1802 97
3094 50
1865 89
2718 91
2654 18
1100 10
3491 57
1001 11
563 82
3969 24
3832 61
1784 84
2432 70
867 11
1647 20
3256 67
1452 41
1922 19
2593 26
1744 32
229 73
3429 9
1635 77
1674 17
2376 4
41 17
2378 76
3390 93
2939 19
19 5
99 20
3501 2
2830 41
1224 15
3712 63
3448 58
3220 16
520 87
829 54
274 21
3537 17
695 79
3321 18
769 76
53 25
667 44
3862 52
2138 81
334 71
1056 33
3046 45
2994 86
1563 64
1519 28
2642 81
1655 34
477 43
818 55
4026 16
1419 19
15 72
3971 43
977 27
3013 55
2612 97
2513 77
2033 52
599 28
1132 85
2145 43
3700 88
2740 98
1865 90
76 35
2130 51
3704 15
2221 46
2769 39
3223 85
3987 89
2054 78
1269 75
314 81
3326 89
3802 59
2702 98
4083 2
119 43
3359 70
2577 47
3595 73
2137 66
2217 40
2137 78
3141 39
884 66
1082 27
2033 5
1870 22
2630 24
2266 33
236 87
744 18
2976 99
531 35
1021 5
4066 68
3633 59
1286 92
3709 19
1249 15
226 22
3994 18
1188 91
326 33
2040 73
19 94
78 40
395 90
2444 69
3253 66
3055 68
433 26
2039 20
2465 6
712 30
635 95
483 35
1951 30
318 38
67 6
3754 75
2656 65
2064 92
1985 33
346 69
1086 3
2823 72
3294 8
118 19
3214 53
3680 68
560 72
2778 4
3287 36
3255 58
3290 24
1130 16
1 6
947 12
1463 89
873 28
505 53
433 58
3085 65
1702 95
361 70
3059 73
3918 27
1416 44
1244 99
2167 11
2935 10
476 20
3022 29
2124 86
383 73
1392 10
2257 96
1948 72
2675 5
3037 7
2906 65
1598 58
2078 86
1566 36
1495 55
3675 14
767 20
2345 17
714 76
1590 17
2470 99
2193 53
3212 73
2157 87
2526 20
2701 32
726 74
3557 28
3281 39
23 39
2969 83
3052 35
2101 52
1594 74
3664 69
1784 89
1955 88
2363 22
544 74
2113 7
651 74
1721 45
3567 83
97 100
3674 5
3302 50
430 35
3959 43
761 24
2995 51
991 38
409 53
3148 54
808 84
3960 2
2757 36
2969 6
1417 43
749 32
1608 97
2036 1
2165 74
3800 80
478 94
2238 92
205 2
3707 85
1759 46
565 20
3618 13
3523 14
1877 99
3277 43
931 95
2857 21
219 61
336 14
3615 97
527 79
2539 96
1619 25
42 90
2821 66
849 26
3607 6
2401 31
1891 34
1496 66
2343 27
3335 82
2284 22
760 37
1110 33
2294 54
2661 57
432 73
2602 11
2623 6
4000 14
1749 20
313 82
1451 39
2187 6
1064 31
173 94
2775 83
1086 56
1922 48
917 100
2288 18
642 23
1038 3
1812 95
2775 11
695 40
1046 29
3942 84
3168 44
1941 30
781 34
3406 97
2308 58
3836 25
1412 93
39 52
3233 17
2183 33
834 65
34 21
1284 64
2688 37
2152 71
1921 55
3847 96
2108 94
3377 89
932 31
972 66
3780 97
1109 41
2210 14
279 94
3774 66
2786 84
2707 46
2391 75
111 42
1825 83
3460 36
753 81
4040 57
1874 36
3880 37
1154 12
468 53
3640 10
3950 98
1181 1
2392 86
3436 53
665 32
3483 41
2933 64
2784 80
1373 46
2055 26
2246 66
433 41
3675 85
12 90
4069 12
953 99
1850 58
3833 66
1107 73
515 30
626 73
3395 85
830 23
1049 38
3221 41
1597 17
3514 72
2867 79
535 6
128 81
278 68
3878 74
3581 25
3767 95
1490 61
186 3
3666 44
2181 6
3766 7
1815 89
318 65
965 16
1294 94
578 17
2897 57
2380 66
2909 54
3918 47
1663 43
3544 30
2892 100
3374 60
2364 37
2205 91
2619 34
96 59
3279 83
3394 53
4094 88
2784 47
4070 18
3329 44
412 57
3358 64
2641 6
2188 90
2531 45
125 78
3384 39
3709 1
1280 65
3059 57
1122 18
2646 59
1993 27
2694 89
1552 33
2734 65
3208 57
2852 93
1109 45
2219 59
2278 40
398 37
899 3
3606 27
1502 54
1245 88
475 67
2134 72
408 90
326 100
152 87
2583 92
4025 24
1476 51
1022 62
2174 18
3259 86
9 23
2529 82
551 15
2977 58
940 27
3227 53
2809 86
186 80
3655 5
4006 19
583 59
3155 39
3898 3
362 36
2972 96
1877 13
1177 63
3284 91
2845 74
1391 78
411 93
726 99
2026 25
2696 95
177 38
2392 20
1382 37
827 36
328 75
3111 91
3974 90
2670 66
2116 16
4059 88
763 45
754 77
3631 29
2233 95
1372 40
1695 77
936 30
2664 41
2664 20
3049 63
202 34
1767 96
3878 81
357 87
410 39
1226 57
591 24
2641 37
2832 61
1302 38
43 38
841 68
3840 77
3246 32
3308 86
2197 88
4037 40
320 4
1813 25
2676 35
3197 42
1876 76
412 18
3296 27
3242 94
2871 83
2574 10
2786 26
3417 52
3177 42
4059 3
3548 36
3086 56
1715 25
4043 95
1876 35
3998 82
2990 70
1791 17
195 48
2237 22
1218 75
547 75
972 5
3291 40
747 81
1787 79
3155 1
454 99
509 29
761 63
98 21
1869 67
498 42
1808 1
1276 74
265 5
2358 42
1942 45
599 17
469 98
1383 51
2880 19
3724 98
3571 24
1923 94
1409 29
631 30
2784 29
782 3
40 27
3763 21
3011 10
174 67
2491 90
2761 85
3 36
816 55
709 98
1294 59
3418 33
602 8
190 43
3723 63
2025 17
2366 44
1805 6
1523 45
1212 66
1019 37
3054 21
1566 92
2966 96
1351 71
2318 8
1140 12
1666 82
3639 55
3507 13
3841 4
2988 35
1435 45
1541 68
2514 84
219 89
2817 73
1231 97
2136 30
875 14
3530 10
3486 75
3636 29
1211 46
2836 100
3206 48
235 54
3748 92
45 60
804 2
3519 18
882 61
614 52
2692 93
552 62
2507 7
3757 89
1716 33
2748 12
1122 72
688 12
1314 13
2522 28
1974 77
1245 13
136 81
3115 80
1335 8
750 86
2234 45
2563 74
1115 22
3888 47
3946 46
4038 20
445 49
1695 25
485 20
1431 36
3802 15
3861 52
896 41
2880 95
524 31
367 4
117 48
2380 63
1621 100
1986 73
3540 59
1256 20
3224 63
1398 71
1454 7
1477 78
1421 37
1929 80
884 71
615 58
1357 78
1883 88
2709 30
3095 44
2381 28
1450 19
3879 97
2923 60
2807 67
4063 24
1892 77
3336 46
2258 67
3171 47
717 6
939 24
188 19
1111 25
3294 41
3282 39
2766 4
2512 10
3019 60
1850 35
2853 74
1216 58
593 38
2085 6
2355 96
1683 63
1523 58
1885 79
1164 14
1157 2
2846 42
526 43
3361 27
3501 39
129 65
1469 9
2126 59
2680 31
1 15
2831 96
165 33
1254 78
1332 94
2396 70
1128 12
1313 35
975 15
2934 35
3063 62
1273 48
2706 7
3126 46
2012 98
2162 13
664 19
323 9
3608 46
3734 89
395 65
1008 70
3338 8
2793 39
1180 23
2122 62
1262 51
1749 14
3076 95
3855 6
1424 93
2454 96
3002 62
1513 18
532 55
958 90
1447 63
2087 76
873 86
146 5
3421 7
2654 1
3958 39
1266 27
3744 20
4047 20
876 26
3959 80
1412 39
3292 31
1752 97
3876 4
3823 58
1333 70
163 36
1230 58
1764 25
2837 2
1357 95
3718 23
1672 54
1942 30
3993 43
73 99
2226 15
2793 30
1212 72
3762 50
1266 65
641 18
694 62
2628 13
1994 93
1426 19
3721 3
1969 67
2904 65
2848 11
3923 73
3941 37
1645 69
2895 55
1231 40
3368 80
760 39
4070 92
1674 31
2030 86
4023 70
3858 22
1635 75
2115 98
1078 99
1180 91
2252 75
196 16
223 42
1262 54
1934 37
3577 16
3983 27
3883 70
2904 44
611 82
1609 5
212 61
2631 25
595 12
3299 9
1119 39
907 6
2956 45
3262 12
1431 5
1491 70
1396 96
481 26
143 69
1796 74
2568 40
3895 89
2857 43
1858 93
18 81
1989 75
1098 18
3380 34
1757 39
3594 66
3528 30
1738 4
3284 68
615 55
1388 55
1995 73
2831 14
3596 70
3635 64
3737 72
3180 46
1454 3
3767 68
1064 14
551 1
3953 4
2555 30
459 16
2358 14
1765 36
3169 18
812 79
842 16
3025 45
1563 31
800 36
1908 21
3382 83
3866 17
871 49
2090 91
262 45
762 84
153 2
2346 6
2125 38
1571 80
3300 18
851 45
636 35
3810 23
2485 60
2836 33
3214 62
1162 92
3653 42
1809 1
387 47
1460 39
2412 73
218 40
2813 89
54 5
1833 17
407 13
919 88
2536 49
3091 68
3153 77
3880 32
1141 9
1294 72
443 3
2094 77
1628 57
663 46
2322 51
1857 49
2552 43
1056 41
89 11
3397 39
3889 29
3706 1
1224 82
2426 27
1723 65
290 74
1460 87
2997 97
1419 86
653 99
3376 69
3121 65
2336 99
1304 36
3482 75
1773 91
1702 96
3448 24
1567 100
1589 91
2906 49
1921 100
1818 89
2505 8
3927 44
1195 11
3076 44
164 13
1124 39
3476 8
2468 55
1750 19
740 26
1465 10
2544 60
632 99
3054 91
416 59
2089 13
2993 85
1469 33
445 38
1838 76
3967 74
1210 35
2225 8
1785 45
1505 48
3397 67
2061 84
322 79
2300 89
557 68
3742 70
1361 63
343 95
986 34
1063 16
3390 82
2988 66
2730 76
1344 98
3185 60
3296 15
3491 2
586 27
2790 87
2036 89
2675 71
435 4
398 34
888 91
2607 49
83 9
2702 59
29 76
1751 33
3395 7
4004 12
2271 88
3528 30
730 48
1329 59
2334 66
3915 40
3945 35
2519 69
2337 9
4084 2
3279 9
2361 82
1239 47
431 40
2208 26
3574 65
3749 38
1885 5
892 85
3636 35
2283 88
1309 19
3304 92
3807 70
1194 90
1349 3
3213 4
2064 51
391 43
3701 33
2858 34
3388 99
2682 50
2138 25
3720 81
324 61
2787 93
2918 47
2121 17
363 89
1960 33
2183 1
3709 71
1293 73
2174 18
1836 10
2426 82
916 14
4057 57
744 4
3911 22
2963 36
1402 41
1510 92
1551 64
753 52
2410 6
1919 91
1861 34
3945 21
3458 37
1899 14
650 30
3020 31
151 89
2514 2
2544 11
1011 58
734 34
754 14
2016 70
1574 16
2485 44
866 89
1947 35
3123 84
2148 15
3148 33
2648 41
3627 18
1023 60
1192 70
3359 36
1985 94
3165 82
2014 58
2550 1
2318 9
3949 3
3645 1
1181 76
415 25
1944 37
3969 69
3098 64
2054 59
2615 80
134 26
2099 3
1576 31
1743 23
707 44
7 71
316 98
644 87
3557 87
3200 37
2509 39
630 9
1721 27
3554 95
1581 66
3621 51
2499 61
467 32
1509 14
147 73
1302 27
1025 55
3224 36
3558 93
1825 5
157 26
1393 34
3492 64
3630 75
3631 61
41 34
3079 75
3434 24
1811 92
2879 26
3322 59
768 29
643 79
1630 39
1742 52
2780 50
2214 77
3704 100
3378 78
3997 55
1346 68
2697 25
1101 75
3160 15
597 68
3344 85
3510 89
3747 21
2035 53
2259 100
3936 20
2071 70
2896 21
1963 43
1013 57
1588 65
1308 100
1542 24
2928 21
2442 52
1334 32
3717 61
167 20
3639 96
3197 28
847 76
4053 80
207 11
1280 57
56 45
1153 39
2595 72
108 40
3795 24
1339 29
3818 15
1100 48
843 69
2744 52
1318 75
1945 46
2820 82
187 21
3918 39
988 62
3357 68
3323 96
3943 24
2265 14
227 79
2784 94
2437 83
3313 2
34 35
2998 22
1766 46
1086 86
1283 41
2126 96
2333 53
3215 32
3379 90
3968 10
1907 43
1336 80
2708 16
223 12
737 33
743 42
1837 89
1949 53
326 7
1818 62
712 71
2613 11
992 29
3755 91
350 42
3130 7
2559 39
1782 52
3158 51
23 36
2378 69
2346 69
3964 59
3172 23
2698 51
2289 32
186 61
3476 56
2678 49
3420 94
1862 35
2010 71
4081 34
1482 86
1836 37
3589 28
2638 12
4039 89
3839 23
2744 92
1990 45
1711 40
2438 3
7 18
816 15
2403 15
3056 83
3118 46
3871 62
2969 53
3639 29
1217 70
1026 79
2715 8
3369 4
3302 11
799 19
2194 83
1889 63
1561 84
2884 9
3862 17
2925 71
889 50
3455 89
345 49
155 36
1462 77
623 67
1526 65
1941 8
598 99
1313 65
2422 97
2748 53
3308 30
571 51
2653 38
2315 81
2698 92
299 10
3456 11
2074 28
975 53
2794 46
459 37
3424 57
405 28
2544 75
3124 86
2015 59
3962 86
1872 54
1719 71
3898 11
3504 6
1054 44
3225 55
467 16
3323 60
66 87
431 25
1749 20
3180 95
3844 23
83 60
3906 42
843 13
3314 24
2622 51
1766 82
1128 25
1842 20
4008 22
2772 76
2641 20
2490 36
1993 26
2254 30
2118 73
156 67
1869 93
755 3
3237 34
1038 75
2099 29
2507 74
911 2
1024 23
2163 67
2685 47
1133 42
2446 14
2502 91
155 57
2929 84
2570 31
1425 31
2819 80
738 54
3555 33
1705 95
2513 59
970 60
281 35
2457 96
534 14
392 35
578 43
1823 1
1287 67
3255 97
271 5
3247 78
1009 38
3681 69
1862 84
1487 21
2396 94
3409 85
3219 48
3856 89
2569 85
3229 18
2901 52
1482 91
1177 18
3570 64
1207 40
129 1
3187 9
3609 31
1887 96
2189 5
2363 54
1287 46
1063 24
1082 4
2907 54
2349 4
2245 17
1649 19
2741 8
2874 36
1855 99
680 48
2575 25
3962 26
3449 58
1554 26
2319 50
3663 88
3620 39
2834 56
2877 92
3047 73
2962 34
104 38
1583 33
3423 82
1361 21
2899 46
4075 2
3485 34
40 31
644 72
761 34
2058 91
3011 77
2926 42
1220 27
2726 8
2787 29
1479 63
230 82
1432 15
992 14
2659 100
3873 94
130 6
2901 44
3747 100
2163 74
2645 74
2139 81
3079 90
3091 28
2487 40
4035 13
2085 87
2218 61
494 41
748 87
1259 79
1128 72
2324 34
2320 62
364 92
1981 51
2740 54
3827 34
1698 23
2825 91
1755 70
575 11
420 6
1739 18
973 94
3267 8
1778 85
3520 86
2826 49
742 18
254 18
379 53
1761 32
1690 56
651 6
1017 47
1875 60
202 53
2060 38
2358 27
217 81
1548 7
3529 78
13 10
2010 44
2927 19
1429 91
703 66
3919 87
1592 1
1265 10
4080 76
3317 86
3204 3
29 89
51 43
290 51
940 98
1631 63
2849 57
713 5
3476 39
2748 85
1610 73
1716 27
2060 12
3679 79
1025 25
2710 33
574 94
1989 61
1574 26
392 52
2692 95
3790 89
3174 66
924 92
2808 80
2008 63
220 61
726 32
3618 86
2801 32
3941 28
610 37
2172 96
2311 42
501 32
2309 85
1299 64
633 73
1528 53
905 1
377 54
1308 40
1496 58
374 19
1815 57
1055 80
1612 10
366 3
4037 21
2424 68
36 97
634 92
1290 18
1340 4
36 78
2484 90
3432 6
841 66
1513 61
3053 56
158 73
1071 71
3230 62
2085 41
906 56
112 19
2431 84
3903 61
4095 28
718 93
3258 46
1405 82
3611 95
2807 69
3057 64
975 6
3448 92
1148 49
1931 22
1299 28
3837 3
3812 51
311 58
125 68
3619 61
443 3
665 46
2839 82
171 56
2053 80
21 34
52 12
3067 37
3160 68
2975 4
3848 10
2120 5
2229 81
2609 38
1785 65
949 37
1439 8
2257 56
2165 3
717 27
640 35
3198 93
3257 12
10 87
213 96
2994 26
1732 68
2730 29
1080 63
2768 11
3872 29
3353 26
2574 59
1875 38
1399 26
3430 47
38 58
4077 41
1968 49
779 18
523 96
3900 56
2426 6
67 29
1716 53
142 51
3336 48
820 45
3095 50
4077 66
451 55
1810 11
25 56
3124 25
3722 10
251 59
3544 71
3539 32
3700 33
1186 18
2556 63
1068 51
3902 65
1229 25
1953 67
3059 76
2719 36
2569 97
3970 57
3006 72
1800 5
1532 40
1977 69
2222 23
868 29
2817 26
2204 50
3087 7
581 61
138 54
684 26
2958 9
3727 71
3411 100
2352 22
2940 68
868 20
2401 57
1263 2
2856 92
133 56
2857 92
1154 2
479 76
1455 2
624 40
238 58
3746 90
576 90
472 15
329 15
1597 19
220 40
3562 65
1167 27
1178 90
2573 69
2638 46
3214 52
2560 7
1070 94
1915 52
3801 56
3724 38
680 40
3841 96
206 79
3788 50
2944 65
3612 85
684 13
1535 60
2454 14
2559 98
2054 70
706 1
4084 16
2595 38
2773 70
3318 82
2207 92
1568 6
2862 12
2826 34
3093 46
2919 18
1121 26
718 57
1276 24
2464 94
938 34
2470 30
2419 9
3390 32
3532 26
3774 42
3917 14
729 56
2717 55
2543 44
1260 97
3132 63
3019 29
1068 77
3470 9
4072 2
2378 19
3561 53
2135 8
1676 90
1280 48
3185 31
3835 91
2360 61
208 14
1781 80
1496 92
1234 29
1168 22
2500 26
2401 29
1452 36
3454 7
3169 55
3779 3
1799 90
1313 26
673 98
3486 72
3678 53
3633 80
1057 95
1348 42
3436 70
3514 59
1290 11
1654 15
2529 53
3093 68
2193 64
2918 8
1243 7
2145 56
2007 72
3125 95
2836 83
530 15
3960 12
3296 7
1762 82
253 27
2432 99
2570 42
2765 54
2572 37
1519 41
888 81
3075 59
1955 75
2420 94
2050 11
2698 58
1089 48
3495 36
1673 75
3746 79
2782 9
3671 56
123 72
3831 99
3120 91
1037 58
3519 78
3992 30
447 1
3792 93
2111 89
3747 39
3045 30
281 29
2192 3
130 29
4004 84
2987 49
1420 5
3108 8
1294 86
2218 58
1391 6
369 11
2386 80
2126 32
1634 22
2243 52
1319 100
3333 79
2798 95
2320 95
3977 27
2038 2
642 62
487 55
169 32
3535 94
1176 52
1620 59
2207 64
1637 97
2422 16
2088 43
4041 41
2813 37
3497 51
35 69
4010 23
1776 24
497 55
112 83
261 75
2783 49
2995 96
3422 69
2425 7
2143 7
2600 99
2330 16
1470 75
2801 7
488 32
1841 74
769 41
1174 23
383 6
1042 79
2939 71
954 22
2768 60
1054 2
3847 19
2276 54
4091 82
3172 21
1649 66
1328 25
1181 35
1393 25
3098 66
2155 14
872 43
3061 37
816 95
1366 47
4088 97
2620 51
780 82
4002 11
1603 49
4038 55
908 6
123 92
2080 14
2399 91
58 48
1556 36
900 75
515 79
1706 7
946 15
3003 30
2608 90
3242 100
1228 18
3396 12
1954 63
3024 54
2267 79
8 97
2157 34
1505 56
2386 86
2336 89
266 74
2131 56
3857 76
2386 65
1777 71
1178 86
1764 14
1962 25
3992 87
1732 21
3566 35
2385 93
3144 5
2977 6
1171 17
2074 52
3345 30
2929 20
1530 71
2875 9
589 93
3853 5
3743 80
3209 31
3535 7
902 62
1644 72
3437 60
3617 93
2657 48
1135 18
3622 64
4052 28
4048 71
3448 15
2766 80
140 63
3980 41
2340 52
3685 63
962 69
2298 76
1904 77
4054 5
463 76
1847 57
1684 20
865 8
2948 44
3498 19
1450 40
3494 87
2205 35
1827 42
2172 12
4080 98
2298 45
3391 94
1417 29
4062 84
697 53
1791 20
1301 98
2817 16
2515 95
2960 23
402 28
849 88
2524 79
1513 90
1255 71
2484 16
2317 64
2257 85
3396 40
3173 24
2597 81
1352 100
4028 20
3759 72
156 88
3091 46
2392 15
3472 56
1427 34
1948 33
730 8
1934 55
1552 62
457 76
2793 98
3952 53
735 34
3947 87
1985 65
2929 29
3794 28
3499 76
936 75
3690 40
2742 77
3109 12
2340 85
3658 67
1162 87
2232 10
3923 34
2299 49
1115 68
2706 48
1146 2
1799 18
3975 78
3308 48
3610 43
3179 72
741 42
1836 88
3863 27
2862 91
1800 94
3084 66
3500 36
164 62
3526 91
742 91
1014 64
2355 59
3995 40
3092 76
3484 42
616 54
3781 81
1566 5
2594 28
2784 11
3943 44
1395 68
2208 2
1919 72
2594 100
4027 35
1353 5
2412 88
1390 49
765 4
863 98
4074 28
1328 29
3128 83
3105 27
2967 47
2473 47
634 21
3858 68
2512 27
1311 83
683 35
2343 59
746 66
3244 82
3826 49
803 40
3014 30
3075 46
1073 41
1017 70
582 70
2887 14
1261 81
766 93
631 68
1237 45
4066 17
4036 97
972 73
1451 81
2447 34
3492 82
3801 92
1274 58
1391 72
436 7
2163 18
2970 90
436 36
2371 45
3397 77
2249 96
174 58
1741 25
1871 68
3953 81
1844 78
3689 42
1009 33
1458 92
2323 24
3251 94
1994 6
329 25
2264 68
2298 67
1782 71
3756 58
3262 24
1328 40
2140 86
930 88
3723 67
483 45
560 2
2108 12
584 55
450 26
2894 57
1305 50
308 85
2327 51
2077 64
643 55
664 79
3137 97
2010 4
2029 26
3473 64
666 14
608 16
3571 17
1860 60
2771 71
2207 3
3486 2
2272 61
2169 73
155 59
3308 89
2755 50
3875 72
2673 46
1780 14
3392 18
1755 99
1849 27
1818 40
2570 53
2017 45
3457 15
1220 92
42 22
261 94
2617 48
1042 80
1130 35
38 37
3989 62
685 57
1538 100
1856 60
2299 49
1628 67
843 8
153 40
1217 83
1115 46
1649 54
2522 10
2247 89
1515 83
3243 96
120 56
3986 51
3656 90
60 59
1293 88
3780 30
2018 14
1215 48
2857 26
1555 43
1665 27
1926 54
2876 23
2079 29
2530 21
2600 73
489 13
104 17
1170 9
3636 31
1229 3
457 22
1027 44
1195 47
4066 28
2152 84
2775 66
2956 40
1021 74
3400 2
2324 61
1547 31
2912 3
1436 6
3694 74
1266 11
3732 66
2236 58
2190 32
3746 21
3218 74
3059 2
414 65
2121 35
442 10
2589 95
3537 34
3524 52
550 53
385 46
1394 8
2439 56
1828 46
1790 86
1385 96
3967 61
3603 44
1214 6
2665 61
976 37
217 13
4044 33
727 27
3655 56
3188 83
2212 86
529 2
1235 53
3438 20
1951 57
1088 57
3390 83
3151 23
3215 67
3085 18
2462 2
1097 12
3771 93
2507 99
769 47
1620 2
3022 92
1105 84
1381 39
1410 93
2152 56
1840 96
2937 62
2478 66
1538 90
3042 88
769 21
3097 63
3522 6
2670 45
1077 63
1456 71
1170 56
2925 84
2619 45
1986 74
1069 65
527 52
3356 48
1910 58
864 79
857 57
3966 1
2726 35
1589 26
230 14
2873 80
2763 78
2399 45
680 100
1251 76
208 36
165 17
2100 64
3524 94
599 80
747 29
404 61
4019 13
1705 43
417 4
1748 42
1970 18
658 52
3814 26
1377 46
2350 54
4019 41
1565 16
1770 2
3304 79
1883 43
3445 82
2006 54
179 18
3444 34
2994 93
337 77
1786 4
176 67
3123 4
3998 83
2502 81
343 54
1450 71
3541 2
2324 34
529 44
906 40
1145 96
1543 71
529 5
3018 25
371 93
3591 75
1218 41
3868 53
1646 55
4054 82
2681 1
2898 63
13 86
3380 65
3504 6
1690 39
3914 74
148 9
649 99
1337 70
2548 54
561 77
1342 5
1258 58
3243 90
1077 14
3803 67
3566 1
1938 62
2923 12
2163 41
1304 79
159 74
3265 43
2815 52
217 16
2783 73
3477 40
3425 44
1405 98
2594 25
562 67
2912 37
2731 50
1517 7
1110 19
838 20
3521 84
2749 7
652 34
1488 7
1381 98
656 30
3458 58
2979 4
3583 11
2767 59
2961 69
2288 43
175 29
568 14
1811 62
714 34
1106 31
3504 17
3400 43
302 32
1012 48
1772 22
3755 39
4059 32
1678 76
1317 53
636 63
3824 97
239 4
3870 35
1845 45
1671 12
3530 74
3211 75
3459 57
3461 98
2821 66
3106 26
3272 65
1301 87
3075 40
2776 21
2414 53
2432 79
1212 50
3953 82
3343 59
1523 42
2675 62
3095 48
1379 20
1240 97
2410 71
3332 1
4059 25
96 99
1836 43
983 27
1412 22
4003 62
309 82
3475 56
762 63
1280 14
1122 19
3018 69
2132 61
941 9
1140 25
3332 50
1040 7
3890 20
3897 8
2198 60
3599 67
822 67
131 10
2574 49
2625 17
2297 80
1324 18
2547 71
1945 80
3215 92
341 93
3988 48
3683 36
2209 19
792 56
713 20
1958 90
2014 19
2650 21
1748 43
3753 4
1494 4
2742 19
2185 74
3275 34
3048 57
1405 57
1486 91
1268 95
1656 31
2781 99
3044 39
1550 81
2723 32
3321 91
1725 26
3959 3
880 53
3851 14
162 55
1645 48
3982 25
517 57
2869 11
3840 19
3292 16
3566 59
702 47
1354 54
3454 52
3665 37
1618 18
1335 44
2698 82
1065 18
1728 22
1629 80
3259 61
1417 68
3252 1
1357 28
1226 69
920 39
982 95
2091 54
1891 43
2747 86
1833 33
3723 54
225 64
2192 10
1065 46
3580 76
2524 31
1024 43
850 84
1243 32
3718 7
616 39
617 4
493 99
283 71
1305 46
664 67
3388 14
3493 7
1721 28
2817 64
1212 38
537 91
3945 26
2973 90
3814 21
4066 11
3096 63
3470 5
1252 26
1485 98
1162 67
608 55
3631 31
3659 20
3555 1
314 38
3555 40
4062 84
1654 92
1967 75
1010 84
3883 83
3897 54
3532 74
881 9
441 24
921 64
46 84
223 29
2984 18
1435 11
1179 27
707 27
1581 53
3819 12
339 13
3292 51
373 11
3780 67
3687 69
4075 61
569 36
3838 82
3822 18
3511 60
3553 35
1637 62
3535 79
3178 51
3830 14
3704 32
957 34
190 65
3372 63
3036 68
1232 20
217 19
2612 86
3675 26
297 18
3621 69
978 22
2955 20
2436 1
3484 57
253 66
3602 47
200 21
106 59
1333 24
1776 35
2468 44
3188 94
10 26
750 51
3059 64
1341 26
3257 20
916 50
882 45
4069 68
1542 28
912 36
1571 61
3785 70
76 19
89 11
1266 60
1797 20
2686 1
1345 42
1430 78
2048 75
3425 51
3536 67
2533 95
3051 56
1755 90
3676 43
1867 33
609 70
1434 42
1970 73
1279 37
1230 46
750 20
3029 57
2103 25
1332 63
2216 59
794 33
698 15
3589 44
1584 15
950 10
2186 42
100 73
3732 8
3828 88
2217 82
1633 12
3288 36
3526 50
2027 84
3425 63
901 60
866 19
3503 33
1625 19
2509 6
1169 5
1516 29
4054 55
1842 66
2534 58
743 18
3613 2
327 89
3470 19
2132 43
1486 31
2287 9
1406 25
3118 13
3083 61
878 77
137 36
1185 21
795 90
3641 34
3492 83
3518 98
25 63
2314 15
2393 82
2777 58
1095 41
2655 49
3079 24
3152 96
2859 17
969 47
2067 34
91 47
3549 31
2460 28
3789 44
3871 6
3100 51
3154 3
890 1
3322 82
3050 16
3873 67
1595 39
649 29
711 6
24 84
3396 82
1649 15
3670 16
688 36
3246 75
1875 6
1646 67
1151 88
3988 45
3090 84
1759 13
1728 90
2941 35
1045 32
265 99
2928 60
687 97
3638 67
3696 49
3896 50
875 51
1720 88
3603 99
2315 25
2010 36
3638 57
3921 74
3239 30
450 72
2805 68
2978 78
2070 24
2625 39
1004 2
1683 72
3514 60
658 90
3917 49
2089 79
993 81
2594 15
1373 93
887 46
3093 99
1054 16
3400 59
3373 61
4032 18
439 84
1437 34
1886 86
1889 93
1534 97
3837 12
2870 23
2409 50
590 49
819 26
728 9
1888 18
443 30
1948 24
4027 40
1287 59
2663 89
576 1
603 66
2355 61
3260 23
2861 80
1093 42
1469 9
39 99
3007 31
3927 54
506 46
3776 72
2582 38
3683 87
3259 19
2809 67
2034 8
334 90
551 45
4047 85
2939 36
1890 100
1230 92
1906 43
3468 9
3440 77
793 61
2869 79
3494 97
3696 54
1757 33
102 71
2303 56
1947 80
3251 50
837 15
2230 30
2349 14
320 55
2168 26
1922 97
3724 85
3590 34
2449 46
3328 5
529 50
2784 54
777 48
3166 52
2460 13
476 32
3663 62
1347 82
3522 74
124 16
3378 30
3835 46
2774 69
2137 70
3462 84
3122 44
367 52
448 4
3086 81
2293 69
2659 28
2791 82
2215 6
811 23
1575 16
1680 67
3773 22
1907 13
849 46
3352 74
3668 71
2964 59
3347 80
1247 42
1566 48
895 82
2793 14
2652 43
792 30
1791 61
816 45
291 86
1532 20
1421 40
3878 55
3912 15
1040 39
3930 43
600 27
3500 21
439 16
245 88
3623 84
1696 19
13 4
5 98
2433 19
1923 85
3718 2
2103 20
2687 25
1470 53
3182 38
2246 47
1120 91
1390 85
3718 31
1505 8
1950 53
2224 95
3994 17
661 72
3905 9
2388 75
1265 30
2812 94
771 13
3456 75
3307 47
2887 58
742 55
1878 92
2865 21
1293 97
1807 90
1141 57
1801 1
2269 13
909 47
783 80
1534 26
973 48
846 13
2928 66
1778 87
3221 67
2622 19
1742 4
3682 74
1075 84
1670 20
2155 83
1900 73
723 72
3224 94
497 77
1171 53
3557 42
2932 74
618 87
770 47
71 82
821 2
852 65
3110 99
3253 58
2177 1
3617 27
191 73
1983 84
1242 12
42 44
1606 21
1330 72
1346 98
950 77
3965 40
2670 5
1755 5
433 57
1690 53
1926 99
739 55
3913 94
2419 63
1793 16
1873 98
3145 18
2219 13
1708 43
589 54
170 27
3463 46
2888 95
31 15
195 12
1769 45
297 21
3720 18
1651 46
2091 60
3446 92
2596 29
3308 9
3360 100
1343 72
2659 16
260 83
322 16
524 8
1699 86
3017 35
550 59
995 95
2801 46
2751 11
1312 60
2469 60
2687 32
488 74
3373 52
2838 20
2965 18
3832 42
3422 8
2518 83
4053 52
3044 77
1746 45
2878 8
1116 83
1214 10
2641 94
2150 51
2275 75
826 49
2787 72
3882 66
2466 49
2097 70
1553 64
1150 95
2930 41
2003 60
854 25
650 6
2385 8
2580 13
415 51
229 10
1549 31
1739 30
3610 60
2667 4
1808 67
340 59
2965 50
195 20
3805 23
563 5
1137 96
2690 73
2048 6
3084 95
3997 23
2926 9
3976 25
3455 5
438 93
1679 92
