1016 44
431 9
1021 84
732 40
576 92
850 97
972 60
363 26
567 66
521 3
708 46
55 25
906 53
55 50
585 98
369 48
164 97
867 66
708 44
934 63
37 21
254 66
511 25
101 37
595 82
326 29
615 85
511 96
532 98
626 77
726 5
132 21
454 91
111 2
394 23
683 81
773 19
189 87
427 92
298 41
880 89
43 91
856 14
148 67
796 63
158 22
795 53
217 46
733 68
636 20
154 94
268 5
359 18
815 15
370 6
341 42
353 67
672 86
848 70
110 8
816 65
889 15
371 43
666 91
463 16
955 44
593 81
831 2
934 42
551 80
510 80
443 45
54 25
137 44
531 84
266 84
545 88
494 36
821 11
441 73
598 50
42 34
449 8
116 19
47 64
444 56
488 4
542 4
506 97
906 52
442 12
775 36
374 6
990 73
663 18
1020 76
610 75
927 24
902 20
990 53
191 73
66 18
579 5
670 49
316 1
587 20
521 35
844 34
89 15
963 57
708 7
300 86
756 20
710 64
912 78
906 76
367 90
452 91
194 98
344 95
251 8
752 5
337 62
412 82
312 24
486 78
885 43
653 52
307 38
955 6
1018 47
896 53
125 9
224 37
291 77
593 79
764 18
334 75
776 23
893 8
1019 36
968 75
864 99
481 32
191 7
1016 44
333 3
965 70
991 61
259 84
85 2
421 9
660 31
186 12
530 21
934 10
916 75
573 31
861 58
720 7
613 67
275 52
731 20
300 42
216 98
115 85
839 94
10 11
238 71
217 36
624 42
241 30
1000 87
239 4
298 31
45 27
451 48
341 65
1018 6
892 89
889 54
41 68
135 63
118 56
710 64
48 49
10 23
189 18
611 83
303 38
454 87
536 20
229 55
613 72
17 13
78 29
878 95
323 99
173 37
979 25
592 87
639 67
544 2
805 79
912 95
36 5
287 86
193 44
268 67
817 50
609 71
284 56
365 44
347 96
1010 50
777 2
390 35
774 54
955 59
22 60
446 33
727 67
642 5
952 22
356 4
185 59
315 12
370 16
462 50
686 26
335 34
662 63
596 58
684 64
295 89
610 9
14 51
657 66
663 61
1015 23
609 31
691 53
433 17
737 80
274 69
993 11
515 23
858 67
135 59
216 51
984 11
727 86
222 54
414 53
1022 26
763 41
858 30
468 100
633 54
717 78
358 13
718 91
673 5
520 26
533 82
295 42
535 40
899 57
293 75
742 36
372 4
451 37
286 50
159 71
132 27
135 93
609 74
161 12
855 41
421 1
64 83
557 40
11 21
922 41
490 86
572 23
782 93
110 9
1022 37
940 89
98 68
72 39
666 9
930 71
773 68
321 50
340 56
694 27
167 59
941 30
83 19
729 1
410 7
398 98
174 95
774 27
253 21
534 57
18 81
642 36
579 66
737 17
831 74
985 81
807 99
329 73
26 23
723 56
651 2
621 64
848 17
890 81
901 30
749 77
752 64
27 31
171 3
455 22
308 42
501 42
60 7
517 48
278 38
205 96
748 67
809 86
575 44
505 21
230 57
890 67
360 45
198 73
738 99
980 45
739 85
844 52
134 43
414 36
600 17
934 14
388 75
546 75
41 96
319 40
314 74
940 83
117 20
173 48
492 16
392 97
737 33
405 75
710 92
2 25
1008 99
357 29
852 10
700 49
63 39
647 79
638 52
55 34
817 59
976 47
24 86
449 94
782 4
960 31
709 68
42 86
983 65
229 4
693 100
704 42
282 22
309 14
448 97
395 54
64 9
369 85
318 90
394 89
854 26
371 35
56 64
688 40
439 21
325 21
5 68
800 34
98 30
870 16
621 90
99 28
954 24
658 20
361 21
329 39
454 82
460 44
373 62
912 46
926 93
162 28
714 74
938 11
327 75
205 57
295 40
171 3
39 75
643 78
860 86
764 7
721 97
280 4
829 77
341 76
850 44
726 25
737 31
375 88
930 57
246 41
662 15
925 99
632 27
451 73
7 16
209 48
62 77
239 50
827 59
998 35
37 12
381 96
1020 49
857 80
262 75
490 51
894 54
768 23
389 91
61 47
708 70
261 10
811 58
499 50
727 67
204 67
759 47
391 100
437 47
704 43
385 59
20 32
1005 86
595 19
310 3
1015 21
531 75
298 47
305 23
838 17
1004 99
873 74
295 1
956 100
195 9
351 79
436 83
885 85
683 69
893 4
139 99
884 75
249 52
34 15
335 47
422 73
84 62
101 2
722 92
531 88
514 15
499 83
536 11
560 45
944 90
764 81
211 6
821 46
866 19
708 48
675 91
152 42
614 10
653 11
417 22
148 95
1013 62
542 70
359 84
796 44
460 84
343 54
858 8
1002 29
317 80
640 9
166 33
387 85
194 82
923 14
692 77
985 79
216 69
265 91
469 26
409 63
950 39
864 35
1017 38
713 2
1013 86
427 28
41 42
828 61
504 40
656 75
427 37
989 65
643 68
533 65
442 3
579 16
602 58
976 94
113 88
685 46
558 81
707 97
264 53
734 79
292 66
616 66
950 3
252 7
52 30
1016 69
157 90
425 24
858 51
294 90
873 11
123 38
955 43
897 9
1004 43
436 25
921 86
871 63
621 76
271 99
180 50
612 33
873 30
373 25
286 30
178 26
335 51
429 47
280 38
793 70
522 80
737 12
617 60
627 70
53 85
198 22
759 33
622 15
188 37
261 28
421 64
915 39
279 71
394 60
102 27
1008 87
194 45
661 41
177 22
521 34
999 18
382 5
887 60
232 95
872 1
307 93
340 34
681 87
28 56
195 95
553 12
846 31
3 66
313 66
540 79
289 47
690 91
228 91
509 12
182 76
999 45
174 65
124 49
72 63
715 87
774 67
580 43
311 39
778 32
115 28
932 45
443 64
307 2
281 75
71 73
66 68
59 80
978 51
514 70
300 18
828 52
721 40
377 34
262 62
463 39
716 85
57 25
904 11
692 98
438 64
348 50
961 31
699 7
503 39
568 84
945 64
451 55
227 91
332 17
489 79
929 32
796 85
816 68
41 91
69 88
458 2
271 50
257 77
235 40
589 74
709 53
10 4
152 9
764 26
1020 9
106 77
671 86
253 9
445 75
1014 66
310 77
410 30
179 14
373 87
879 49
838 21
625 73
624 64
945 52
870 83
216 69
926 60
345 28
84 87
225 44
226 28
112 98
871 90
610 73
214 24
935 67
150 47
92 24
36 13
724 98
757 14
859 95
663 63
374 45
693 50
253 34
713 46
252 35
595 10
514 94
979 1
48 56
133 89
416 57
701 42
368 37
688 31
830 81
653 43
449 37
988 58
426 85
611 12
604 14
652 14
112 88
655 1
974 62
696 70
424 60
263 19
346 36
181 49
647 69
876 62
640 19
774 16
606 6
77 6
799 46
919 94
886 42
693 16
679 28
821 21
93 1
946 51
147 17
985 47
197 90
798 39
214 80
558 54
157 73
1005 11
8 58
396 93
468 68
929 71
153 63
56 38
111 43
749 96
631 32
234 33
755 42
174 5
527 25
121 20
141 18
464 16
456 49
693 13
851 77
319 40
841 93
455 18
765 54
617 32
111 30
701 25
252 30
744 9
526 96
196 86
162 44
271 33
100 87
42 39
204 51
502 22
89 49
62 30
445 55
790 32
706 92
229 24
962 13
686 11
180 68
490 35
212 89
657 13
291 95
602 56
542 25
1012 58
194 48
52 20
393 7
849 94
837 47
552 67
885 39
301 46
804 49
711 73
93 60
808 9
535 67
334 2
191 94
221 89
631 3
212 66
661 13
679 78
447 56
41 90
796 49
113 11
973 80
701 75
464 99
509 43
307 90
224 12
354 30
201 8
229 86
606 12
581 96
688 9
264 76
393 90
937 87
413 4
961 97
959 2
417 71
733 14
332 31
352 92
550 95
321 8
676 31
988 74
284 98
852 16
413 68
450 50
929 66
736 5
816 28
912 89
723 78
296 80
290 17
949 52
433 37
467 72
256 45
624 25
647 91
399 9
789 59
860 27
476 8
871 7
28 29
609 60
553 31
509 84
110 42
262 96
204 27
333 53
723 71
522 52
563 19
904 51
35 8
121 20
365 44
74 7
776 17
140 96
650 36
192 66
856 11
589 42
319 10
980 98
28 8
738 33
182 9
540 26
54 76
111 36
709 43
716 48
850 78
238 68
24 34
292 75
491 69
688 78
966 43
502 13
158 24
414 7
7 77
969 89
258 61
534 87
607 86
458 50
360 92
542 34
419 62
262 82
214 57
849 52
470 24
213 2
541 13
988 80
42 9
658 53
54 80
67 62
684 43
399 49
723 28
590 35
643 51
433 13
944 71
825 94
559 56
974 29
592 94
90 30
82 12
102 91
587 79
694 96
740 12
127 80
107 73
546 98
601 22
1022 35
182 3
876 51
998 44
364 45
872 72
146 85
656 91
505 99
267 25
302 64
789 58
238 5
624 62
490 88
234 43
818 14
578 72
362 4
1009 26
328 53
682 96
498 97
152 53
854 16
101 97
964 74
70 99
641 43
740 94
869 62
420 87
116 67
837 8
301 73
216 43
64 77
313 9
123 96
10 94
884 91
450 1
972 36
101 1
731 8
283 86
263 37
914 59
647 38
340 47
582 72
719 78
28 55
110 7
334 26
338 52
270 94
907 77
359 53
151 87
116 93
965 14
618 62
991 1
777 97
320 22
639 53
405 80
71 38
940 44
331 31
679 38
118 77
487 91
560 32
67 69
204 30
989 67
669 86
795 91
506 10
13 78
631 93
469 58
125 18
728 89
449 9
254 100
612 65
431 7
276 77
694 5
687 83
282 49
410 79
720 12
671 8
17 73
473 76
343 81
259 49
366 86
537 70
920 90
23 58
481 46
120 33
541 62
188 90
664 51
86 55
934 70
748 93
974 35
750 29
27 80
10 37
804 72
696 38
327 3
989 28
999 94
15 31
617 52
241 13
966 65
778 32
138 53
76 60
668 23
155 15
901 96
917 6
77 55
631 67
769 82
127 81
90 79
294 4
715 57
516 35
574 44
127 87
711 86
107 63
619 30
30 8
112 17
252 63
376 84
464 26
854 62
860 49
13 35
145 64
812 98
169 11
477 31
807 98
417 42
798 66
524 84
228 81
32 75
771 9
465 73
1009 64
860 23
800 37
19 90
998 33
583 22
287 18
338 99
851 51
55 2
64 26
161 85
438 34
957 99
565 45
123 54
185 52
193 23
698 81
222 10
818 3
717 48
234 37
124 30
939 16
530 100
173 54
742 5
288 5
642 64
579 92
432 84
968 35
261 18
443 57
899 15
598 69
964 66
337 29
93 7
847 95
71 70
1017 70
344 4
156 58
915 81
277 42
1014 88
866 54
537 22
412 67
924 60
785 72
231 5
941 65
276 88
794 9
430 69
638 63
462 62
809 39
246 2
317 78
158 91
843 27
998 5
425 87
690 23
421 35
706 59
998 73
857 52
577 41
767 93
449 40
776 65
76 89
1001 21
350 55
362 55
1002 60
423 32
664 34
958 88
217 90
112 87
30 54
950 16
28 77
628 93
18 87
182 89
150 76
558 70
348 26
1021 12
433 65
48 33
281 91
423 15
215 100
432 32
879 12
276 78
1021 96
244 29
869 51
970 76
927 85
294 68
604 13
836 70
595 49
106 91
810 11
739 21
10 80
218 36
660 60
1007 49
935 79
146 62
411 13
231 100
55 78
208 42
330 38
492 49
510 58
965 70
860 2
266 31
918 31
205 72
992 49
813 32
576 29
124 79
955 72
20 96
549 85
675 53
931 34
326 72
439 8
133 53
674 24
535 96
249 6
823 29
785 64
105 47
509 32
367 33
219 15
131 89
121 97
889 57
465 85
615 43
232 72
665 5
236 31
547 79
991 43
67 88
160 72
121 97
882 97
213 53
967 94
22 25
428 98
618 17
453 68
563 62
73 46
671 46
358 56
648 74
253 48
175 98
408 69
217 21
180 96
756 10
946 28
289 74
471 24
241 34
386 23
580 30
350 37
25 74
745 74
942 14
557 70
614 46
241 98
331 26
131 43
226 88
55 70
821 62
185 100
710 97
330 39
995 16
1020 57
716 10
709 69
456 59
578 76
133 50
1020 39
934 22
107 54
803 56
320 34
4 9
732 66
428 7
145 32
639 26
557 72
968 28
210 78
355 67
974 90
448 31
186 61
679 14
584 30
681 39
781 56
700 62
13 57
157 67
671 13
374 76
549 88
454 87
852 53
248 36
165 89
236 16
28 66
717 41
576 32
194 44
219 37
355 1
646 38
515 53
358 58
726 34
600 28
374 47
610 35
789 16
14 56
215 94
963 37
441 79
154 97
314 14
764 89
401 7
198 98
193 23
379 24
72 97
123 4
19 82
618 94
306 89
19 36
528 79
655 88
476 23
448 71
841 18
99 83
329 95
458 32
854 55
893 25
398 63
357 15
644 49
487 56
395 23
548 81
861 68
215 32
235 44
350 77
482 90
60 87
967 33
256 81
504 61
34 34
409 77
748 23
599 28
569 49
593 41
377 64
849 34
1002 46
561 84
977 96
621 62
252 74
642 90
660 43
494 70
791 86
431 27
310 95
280 21
512 26
138 41
603 4
731 2
110 14
729 79
62 44
7 86
90 4
782 84
223 95
747 56
228 60
453 93
336 83
835 81
363 41
20 52
739 10
438 63
14 7
456 34
994 17
152 31
891 99
634 49
601 50
742 25
229 41
443 56
794 5
436 31
430 76
345 94
513 5
71 3
571 47
197 3
238 87
16 40
1008 99
600 72
705 70
397 96
828 64
383 99
116 83
154 10
671 5
113 65
258 59
495 77
704 3
223 48
217 85
949 87
854 23
527 44
297 46
237 60
223 2
496 69
673 62
982 53
763 98
142 83
412 50
646 80
361 44
140 26
337 3
672 85
538 58
789 40
918 91
510 52
808 28
971 67
366 85
928 26
967 64
75 49
272 13
15 47
914 83
398 98
939 56
45 80
60 1
461 18
725 84
948 13
817 99
809 75
441 68
855 37
260 37
529 31
777 94
830 61
640 50
207 81
568 53
232 7
334 41
859 32
602 85
734 2
993 5
144 17
64 41
843 44
616 13
52 95
242 91
145 51
141 81
719 58
763 24
192 32
906 56
300 2
889 72
294 13
460 60
348 47
913 10
136 22
235 32
83 95
489 80
211 92
234 54
611 37
343 60
507 64
350 60
921 80
178 22
249 8
1021 6
29 51
277 13
832 4
770 48
917 26
782 90
52 87
883 39
68 15
927 19
377 88
549 72
384 62
552 92
523 54
260 66
699 75
1013 54
349 10
274 49
1021 48
655 18
356 77
718 85
994 10
508 98
284 44
172 83
484 93
1014 79
681 32
440 99
909 9
907 6
26 28
653 1
498 9
347 19
986 9
610 17
120 56
927 56
293 37
38 31
944 15
948 8
410 17
307 15
971 67
417 61
127 21
597 81
690 98
20 89
768 79
913 72
823 18
457 43
416 31
709 64
920 48
485 24
932 1
277 7
245 14
313 96
518 6
981 38
496 45
869 37
311 76
743 93
680 94
408 41
359 33
23 86
637 24
352 90
216 79
860 5
477 86
537 71
821 19
184 13
441 53
62 70
206 28
972 54
250 50
973 2
990 71
647 93
518 24
512 10
95 40
728 45
166 44
7 18
599 2
948 8
671 73
971 52
58 38
713 21
104 46
568 56
106 44
537 20
389 17
780 26
768 27
1020 71
360 3
780 25
325 58
889 65
310 95
626 78
539 68
329 60
11 74
533 90
676 29
237 36
437 38
829 69
387 9
282 48
774 64
940 45
835 83
713 39
555 40
461 79
121 93
611 9
774 83
608 3
855 34
694 90
300 32
155 97
857 91
226 6
827 81
96 36
303 100
992 83
505 3
917 34
938 2
417 31
563 70
828 29
447 52
471 91
495 45
513 16
939 46
459 64
84 88
800 24
365 27
515 75
634 57
105 62
493 67
620 88
849 91
271 53
514 89
434 76
154 77
726 43
690 78
23 55
504 21
781 98
619 27
757 83
246 57
957 47
742 29
363 84
416 66
371 62
578 59
323 64
337 6
1024 38
226 85
625 36
657 18
324 33
851 51
527 34
656 83
455 18
796 29
811 83
118 99
165 32
102 99
885 84
536 23
510 39
637 30
757 28
167 97
935 62
926 85
401 2
492 39
124 3
448 83
545 2
809 62
730 92
848 63
255 85
873 52
373 49
846 10
138 71
884 98
990 43
306 14
752 2
439 51
625 39
412 23
442 24
917 46
884 95
357 20
188 14
786 47
759 35
402 38
808 99
779 88
187 70
368 73
754 80
940 67
1000 80
519 20
893 23
680 35
670 8
196 94
909 54
930 62
997 55
206 9
99 43
861 7
660 21
43 33
359 67
218 59
854 57
374 53
453 19
123 53
813 27
929 69
366 22
836 65
957 45
725 73
959 10
506 18
440 66
541 42
303 39
497 77
846 62
447 92
341 44
343 45
945 25
319 9
434 67
231 90
142 32
145 77
72 6
558 74
936 27
160 45
746 50
805 22
526 45
787 41
261 29
152 73
725 51
879 72
612 63
148 40
184 26
975 15
816 94
1000 76
239 48
622 71
481 45
372 16
614 53
325 48
866 9
691 26
38 4
259 4
741 100
58 42
370 34
734 11
435 42
408 41
16 64
244 66
306 28
664 10
308 91
837 72
604 37
429 48
687 50
662 27
146 52
442 76
947 44
735 6
149 9
513 88
481 19
631 45
407 45
1013 26
85 72
453 20
862 25
926 30
35 47
915 43
387 71
601 39
159 33
994 42
797 61
560 87
574 89
1009 24
194 36
957 89
803 100
693 22
463 48
547 46
655 62
620 17
710 75
678 22
189 46
776 36
550 85
125 20
693 100
403 84
205 4
257 75
263 17
302 46
260 97
445 55
788 75
41 38
1017 58
134 94
401 39
1011 77
123 70
837 25
140 24
599 75
967 28
967 16
917 54
669 64
1018 15
336 3
420 60
645 54
335 95
258 45
202 66
517 52
157 45
572 48
966 86
1008 76
840 6
1015 25
166 8
658 3
540 82
515 45
610 39
438 65
895 41
727 89
209 2
286 83
383 28
877 96
982 95
387 67
523 29
897 42
859 37
865 78
563 38
419 28
712 40
956 96
620 56
711 81
852 38
443 53
190 99
293 33
670 5
264 92
106 49
1023 2
785 3
147 11
320 58
353 5
464 97
325 23
74 74
485 23
78 32
745 50
148 75
161 38
727 72
480 9
253 83
204 92
49 5
8 98
227 59
220 46
336 38
971 93
105 44
1007 70
152 100
882 91
1001 86
84 12
234 54
165 52
1012 25
308 24
317 48
905 70
573 15
128 13
910 59
337 47
182 67
635 5
681 39
61 66
479 96
709 78
899 71
1013 91
347 30
419 49
934 43
389 40
151 22
373 51
101 28
473 89
247 8
260 16
999 49
432 7
950 58
565 38
220 27
234 92
904 78
592 45
841 89
35 87
761 65
939 30
495 38
331 59
41 85
212 75
53 96
575 63
533 45
226 29
250 84
425 68
883 84
177 23
932 11
1008 21
509 26
479 36
216 91
166 9
339 46
674 3
299 57
142 90
758 9
1001 35
950 54
366 25
919 77
377 7
720 81
558 36
547 36
1012 26
278 43
376 14
338 66
47 5
694 82
370 42
489 19
507 39
41 58
205 93
940 83
276 20
44 41
763 37
628 47
874 84
23 12
71 85
265 24
948 44
736 81
583 59
389 66
454 26
913 54
344 35
257 54
212 34
479 85
940 92
68 33
309 69
1006 29
755 19
570 56
551 68
540 10
538 71
639 94
892 31
405 1
568 94
1010 93
437 93
817 47
149 10
837 42
41 23
458 3
665 10
658 74
901 87
29 65
169 44
181 83
84 60
282 53
335 4
988 98
730 75
332 33
309 75
662 32
445 24
333 36
501 74
654 91
604 78
998 95
131 26
700 20
270 65
133 44
675 79
146 94
946 29
70 12
933 33
70 89
777 2
857 52
745 41
531 48
280 82
141 56
142 51
826 42
1014 34
136 56
584 96
788 18
339 88
483 87
995 29
341 55
12 12
691 85
572 7
1022 33
917 40
869 10
595 19
950 9
874 20
917 93
709 81
305 12
120 9
917 6
554 10
936 59
243 21
278 48
519 100
1023 99
744 27
279 69
330 60
263 40
271 96
38 15
633 54
167 75
46 40
99 21
449 4
178 78
873 35
671 35
107 27
115 16
448 75
663 65
812 30
931 63
750 78
133 21
473 61
388 66
451 11
584 60
119 58
95 93
531 32
789 86
688 99
790 82
732 74
998 31
261 88
684 3
301 10
691 74
452 3
6 38
199 22
144 89
989 20
545 94
513 25
458 12
538 7
13 29
671 44
915 2
238 50
557 52
372 1
28 43
1024 9
945 9
492 28
998 3
664 64
953 29
908 79
269 39
204 28
12 64
295 38
734 13
495 99
358 18
300 75
975 9
548 91
8 15
844 20
60 87
291 35
954 71
837 1
664 73
953 12
4 64
653 29
496 98
410 41
168 46
16 66
857 19
870 70
106 66
444 52
639 87
910 83
206 92
430 32
880 57
284 95
416 82
985 100
882 85
809 84
496 92
570 30
200 80
691 7
49 29
170 51
172 26
56 62
581 58
606 71
577 82
457 78
988 20
533 10
56 9
315 49
662 21
916 93
660 13
892 25
828 6
637 80
299 85
268 18
847 8
852 63
413 17
629 79
11 33
248 24
468 4
86 49
372 87
829 86
916 95
710 49
231 51
938 35
50 72
288 6
494 31
225 1
23 36
400 34
482 96
39 39
292 72
933 32
934 12
406 64
599 36
270 60
832 76
420 8
407 56
890 69
46 88
320 65
1007 92
122 65
817 41
198 4
475 94
188 10
174 22
1020 7
559 25
914 70
451 86
670 58
588 87
316 90
442 36
413 60
689 65
985 29
55 78
554 47
72 100
193 35
732 43
906 95
341 39
900 59
749 71
1 69
78 80
157 95
67 41
806 78
436 87
778 38
938 21
2 43
352 21
810 66
301 88
388 19
9 65
598 22
84 36
200 93
450 93
857 51
548 38
32 13
659 65
11 89
296 54
825 41
720 30
1002 48
287 2
493 60
944 48
675 75
841 19
763 17
470 74
838 96
568 72
441 94
632 68
540 46
265 79
861 36
651 51
716 33
220 82
312 90
487 22
729 5
388 3
405 62
804 79
664 75
234 79
271 55
751 17
717 72
407 5
763 50
350 96
318 32
810 8
647 60
855 45
505 5
531 92
228 84
225 20
504 68
341 28
599 35
394 44
660 33
346 61
619 66
946 91
514 27
107 3
170 47
71 15
778 29
643 69
618 92
280 81
845 74
792 10
206 33
865 97
151 14
567 98
292 31
992 23
63 66
779 90
668 56
247 32
443 14
699 98
567 6
680 64
178 70
140 28
651 34
1017 55
549 55
249 68
339 22
145 46
132 20
589 18
449 90
398 60
222 16
437 92
927 79
840 27
888 100
555 11
321 66
592 68
98 89
99 68
878 55
797 59
1005 20
923 99
515 98
301 62
610 26
115 25
652 2
615 67
225 35
307 53
164 13
793 70
51 81
426 54
16 23
657 34
213 66
953 36
631 67
1013 93
390 10
846 16
1016 10
965 70
905 58
980 53
874 46
227 44
859 43
835 97
333 63
393 13
757 36
9 93
812 54
339 40
869 11
304 46
538 5
1018 15
395 95
724 50
784 44
391 64
599 70
539 50
422 13
942 15
560 29
972 84
607 40
270 56
708 20
627 96
9 24
984 100
745 86
944 97
754 87
750 71
571 8
328 96
527 10
918 31
783 64
669 39
50 89
735 76
533 3
847 6
860 22
960 82
755 8
972 81
24 61
128 79
385 35
931 14
541 50
519 75
435 29
291 64
892 98
87 53
561 8
492 73
936 20
730 69
1000 2
882 45
720 12
28 23
969 51
377 81
179 25
615 45
212 53
679 60
539 43
574 71
1016 34
643 88
374 60
951 44
948 67
1007 37
315 84
343 73
77 1
1004 58
639 62
68 71
27 65
579 75
743 4
449 10
780 64
903 25
797 33
591 85
344 48
517 86
455 100
42 71
859 83
82 15
597 37
519 96
416 43
962 83
798 54
883 7
955 17
171 75
819 45
311 27
836 28
1004 59
545 52
740 6
934 70
184 33
738 75
628 2
240 67
60 18
963 28
563 62
27 72
246 12
1007 54
408 30
822 73
224 91
244 7
72 41
334 72
203 9
733 10
962 58
737 71
366 13
982 6
519 75
30 45
52 64
827 41
669 93
151 61
690 58
423 26
580 63
158 29
795 76
762 17
75 27
907 63
991 90
750 13
240 87
762 48
329 88
226 6
1021 62
596 33
912 15
696 34
693 80
451 24
823 43
473 91
768 77
919 40
803 75
133 81
742 66
822 42
243 40
130 99
97 80
409 60
839 84
174 90
992 31
506 8
229 92
877 19
1005 97
136 34
1003 38
292 30
794 91
299 1
119 64
582 20
397 31
50 56
487 61
324 66
963 59
824 51
199 85
840 91
891 16
881 12
161 94
484 89
872 53
834 98
944 21
955 97
455 27
150 45
217 67
923 62
898 94
926 17
1001 84
88 92
755 6
5 67
395 97
577 9
127 17
831 60
291 90
391 54
250 94
534 10
253 46
492 50
530 45
583 96
287 99
776 99
920 39
230 46
655 33
17 34
176 77
112 15
351 62
937 60
4 48
736 95
128 28
181 79
710 87
257 68
556 65
1009 97
144 42
585 14
341 7
1015 88
504 62
309 58
702 83
515 33
240 91
943 30
225 40
415 34
909 92
711 47
519 31
846 37
83 83
48 95
753 1
973 59
1 9
81 43
443 33
520 47
110 29
22 96
863 74
124 57
421 27
500 2
332 1
347 81
398 70
901 28
961 86
30 24
247 99
638 56
231 88
241 80
278 92
820 98
85 86
112 56
22 94
301 1
443 34
357 98
916 56
357 7
897 43
522 96
870 31
678 7
826 88
134 87
885 6
740 60
1018 37
810 37
769 97
225 17
167 11
438 53
841 31
184 34
924 28
947 36
163 48
364 93
439 67
766 29
318 86
157 94
718 74
621 29
835 45
546 51
393 28
473 44
106 63
782 76
219 79
369 61
955 86
681 68
610 91
877 42
209 73
923 52
520 99
853 73
526 90
93 82
705 4
104 28
186 48
886 14
397 16
471 76
306 32
455 98
371 40
679 79
85 12
899 51
830 88
439 45
192 43
720 19
959 39
289 29
1013 30
530 39
230 92
445 98
368 85
698 18
919 38
551 30
472 9
317 8
900 100
981 72
79 62
740 38
609 20
201 14
904 47
550 84
189 84
686 13
233 5
934 88
450 39
209 72
241 94
955 77
148 93
495 58
743 51
258 71
574 76
760 3
699 45
295 40
701 34
44 47
165 3
978 36
154 82
326 2
244 60
751 80
280 98
310 83
729 38
952 5
872 82
517 13
897 62
143 44
608 73
1024 68
388 4
924 4
567 37
642 41
213 87
333 59
90 87
623 33
60 18
432 64
269 98
394 10
858 45
493 43
587 87
610 83
511 74
765 83
472 1
459 51
392 13
472 83
461 88
846 72
962 11
178 67
662 75
912 9
893 71
809 9
65 98
20 72
84 87
132 57
820 34
262 74
867 36
997 56
97 61
223 100
259 79
642 100
697 10
255 4
1004 55
29 3
183 38
520 45
426 8
357 17
594 8
667 57
820 45
164 12
663 46
298 13
490 17
870 85
54 2
939 5
464 49
97 11
284 30
572 69
905 47
88 45
699 50
242 37
632 30
930 84
342 83
559 17
902 85
596 38
424 11
346 56
614 13
663 84
909 48
509 83
382 3
24 80
70 55
923 49
22 77
622 25
861 82
503 73
227 58
397 76
88 57
1 54
862 87
861 64
891 20
120 94
407 70
750 72
565 68
821 100
855 25
693 30
933 61
518 82
1012 67
132 9
886 94
546 35
989 62
751 11
299 45
225 43
549 36
848 36
353 59
612 24
546 10
189 26
674 75
850 55
609 54
278 47
986 87
53 10
576 43
111 11
587 36
810 72
613 28
245 91
949 83
342 58
397 52
821 75
232 5
31 70
182 60
523 50
1017 94
246 60
539 61
814 77
812 75
90 61
104 49
543 51
519 7
884 68
576 99
349 45
662 91
836 39
329 92
296 60
123 80
18 95
370 57
717 24
473 14
3 36
848 34
662 23
97 24
115 87
401 21
329 17
535 35
276 91
94 50
206 40
702 38
592 24
80 49
736 62
391 52
614 80
236 42
631 54
492 12
619 33
644 7
182 12
533 41
519 77
252 100
119 32
33 11
187 57
539 91
473 84
434 62
916 7
284 45
272 69
602 22
930 44
83 7
791 75
122 1
521 10
128 6
488 59
9 57
260 19
623 69
695 82
817 42
770 79
686 26
926 91
249 89
3 86
133 94
878 19
960 54
149 35
163 7
611 15
747 26
284 14
998 73
1023 9
929 81
41 26
907 84
399 100
605 50
258 84
669 67
248 95
876 91
487 79
827 20
757 46
515 84
873 50
573 2
210 9
510 30
749 53
974 20
16 70
910 96
577 89
383 33
755 63
971 44
1004 82
464 100
282 89
569 26
991 23
447 31
715 3
882 85
542 13
117 93
244 89
986 10
191 50
114 72
603 42
195 48
501 7
126 38
547 96
848 22
124 25
125 7
401 14
333 8
326 24
1019 96
300 79
650 97
773 29
25 54
587 18
1010 47
770 25
810 11
147 23
192 59
971 60
269 37
984 4
679 29
535 90
501 77
441 84
474 95
741 86
288 14
912 88
313 42
938 60
715 26
325 100
586 43
130 5
685 9
976 58
937 34
606 66
985 94
165 61
823 73
793 27
46 71
996 42
702 26
665 81
821 15
711 51
792 62
456 86
988 47
815 32
501 84
506 61
993 42
273 67
204 46
380 28
610 88
945 91
427 13
318 30
360 23
485 21
265 70
49 31
90 50
689 68
1019 23
261 33
867 100
968 32
981 2
941 20
98 17
330 8
743 66
426 47
712 89
19 51
155 66
393 95
146 81
947 60
677 32
355 15
796 53
420 30
13 5
527 81
977 23
458 53
119 67
395 51
253 8
81 89
125 30
804 58
87 81
872 74
54 54
514 41
244 54
177 43
1023 37
582 100
39 41
217 15
177 39
168 56
697 51
757 29
95 41
475 63
799 12
376 10
28 28
382 19
42 86
428 72
396 15
1010 82
858 91
841 9
571 96
681 90
213 19
155 71
12 69
6 92
647 4
525 31
580 5
577 75
839 64
792 1
590 30
374 40
810 98
296 46
583 25
1020 7
688 97
124 96
954 35
404 16
774 78
399 43
474 8
49 93
473 73
792 95
343 64
502 83
553 82
157 23
118 22
109 10
779 41
603 31
720 26
503 65
140 93
927 31
215 2
511 23
607 81
58 62
648 21
11 32
704 6
362 5
735 71
434 7
468 92
866 29
233 23
368 64
240 2
642 62
166 55
239 1
762 20
987 30
196 36
89 16
773 26
49 34
80 29
657 80
636 67
974 25
628 22
858 34
117 13
616 30
314 80
582 23
1022 71
186 75
568 21
240 30
784 95
112 40
152 67
963 57
184 68
672 22
827 90
108 100
49 17
425 14
688 43
104 55
239 58
45 77
804 90
787 72
678 83
844 81
585 17
853 23
971 80
688 74
245 87
685 71
767 44
391 66
803 44
557 73
132 4
186 16
734 43
19 12
352 67
311 63
238 44
996 29
605 25
982 80
379 82
77 43
3 57
33 96
163 25
771 21
721 70
642 64
559 53
206 84
405 13
1009 85
855 26
412 49
881 56
522 21
758 11
978 94
852 33
735 97
302 19
373 50
160 87
234 64
282 64
385 48
688 34
378 3
793 47
36 56
578 97
967 51
250 43
160 52
833 51
394 31
472 6
39 69
738 49
969 70
82 27
308 44
497 92
176 54
412 46
725 46
982 2
582 99
577 2
502 74
260 62
658 54
421 1
21 70
540 60
11 93
384 81
1022 34
765 8
585 32
370 87
467 31
555 70
7 72
999 80
951 66
596 49
904 50
557 23
701 74
415 73
465 55
878 45
477 84
652 77
899 73
157 81
462 80
126 31
882 94
535 31
410 58
477 83
208 32
913 49
979 80
114 87
380 30
34 44
581 29
333 76
56 28
77 1
482 70
711 75
471 66
903 93
57 81
604 27
427 29
241 67
889 5
836 22
683 96
301 49
420 97
728 2
31 45
170 18
51 1
275 40
954 42
568 25
440 81
968 85
71 34
528 86
878 9
259 48
924 42
655 7
224 59
931 17
630 68
103 26
49 80
647 43
882 10
835 10
435 75
415 31
330 82
34 6
650 12
131 57
827 73
874 85
992 34
583 14
625 29
664 43
819 39
274 35
564 24
314 69
966 82
365 75
290 15
18 77
978 17
531 31
360 95
708 80
902 100
1022 29
815 69
595 11
919 82
299 3
501 21
996 5
980 43
98 92
73 6
640 72
838 72
764 9
879 96
382 57
646 2
359 34
122 80
783 8
991 26
107 11
433 21
555 31
474 100
1001 95
282 60
687 39
907 78
619 67
948 78
391 40
586 79
732 18
43 52
466 52
746 23
569 50
249 7
234 94
237 94
867 6
338 89
751 12
764 96
459 13
873 83
193 1
123 89
561 44
835 83
174 10
17 85
512 11
630 96
443 67
863 54
555 18
963 5
110 65
555 34
383 74
627 81
808 48
994 69
834 21
10 19
325 24
818 5
433 85
493 47
387 95
229 93
718 88
301 46
887 63
472 51
311 99
983 41
313 24
628 94
868 47
234 79
1005 39
756 79
76 55
674 55
851 75
731 63
808 28
740 98
871 4
576 88
260 18
126 90
1024 53
788 46
277 85
627 39
698 30
208 69
579 75
940 23
529 24
351 30
69 49
327 38
482 50
376 63
249 33
854 22
823 95
698 96
974 62
195 73
453 69
728 35
745 56
383 53
251 59
945 78
183 26
426 100
885 18
701 100
172 73
527 24
618 43
828 83
618 61
185 62
326 86
622 36
71 44
195 98
588 35
831 68
140 87
245 94
263 98
727 37
106 97
705 30
96 63
952 24
267 89
409 38
1003 64
978 34
452 6
606 14
486 54
87 21
699 63
587 78
400 37
399 40
53 37
777 46
388 79
483 99
289 40
394 69
743 4
518 63
259 19
228 66
2 28
214 25
395 24
725 14
830 79
419 56
861 65
685 21
969 40
335 86
746 20
369 42
433 68
196 86
892 95
767 37
400 12
479 48
61 23
943 53
461 78
301 68
403 25
558 28
339 75
147 24
599 41
382 89
233 69
777 79
567 9
31 80
732 79
825 26
820 16
410 97
666 87
563 24
823 99
831 9
599 12
887 66
711 3
678 3
884 42
960 72
533 50
66 49
733 27
281 94
20 85
632 62
341 72
946 34
589 65
572 100
691 75
143 20
504 73
708 30
570 4
149 84
630 13
52 8
975 78
886 47
443 87
171 19
683 13
790 4
507 54
1008 88
449 81
13 43
364 42
607 7
829 52
639 86
475 69
198 62
557 37
973 9
896 74
746 13
278 67
254 61
301 93
314 87
240 34
617 68
432 51
843 64
805 68
142 36
252 26
448 68
115 86
695 94
315 99
865 80
269 92
682 85
414 100
65 59
394 47
840 51
535 24
439 62
822 61
597 63
486 84
266 2
571 4
76 28
547 49
609 17
484 73
113 3
650 92
89 36
988 40
391 4
73 38
309 5
796 58
1001 74
32 26
778 62
740 94
682 45
391 66
587 37
632 10
766 48
541 88
200 19
244 12
362 19
373 28
197 23
731 29
272 96
538 78
124 83
329 62
597 19
39 56
42 25
772 69
584 69
214 73
166 22
715 49
156 35
712 31
636 64
423 26
514 27
279 68
252 27
405 6
149 37
245 59
895 68
180 100
963 54
967 6
302 61
313 28
143 65
386 65
562 19
283 56
371 75
394 8
956 70
697 90
552 33
408 10
425 1
433 30
822 69
1004 74
407 25
678 91
924 98
887 36
239 56
214 39
712 58
262 1
209 27
911 86
479 67
692 100
909 63
222 36
567 47
70 31
805 63
304 13
121 33
863 82
651 29
169 98
346 54
966 7
828 48
1012 3
563 52
937 72
62 98
1002 30
499 88
94 49
419 28
839 17
843 33
780 32
161 80
495 18
513 5
889 27
861 59
928 1
948 54
633 41
475 46
103 43
341 35
1023 16
914 69
725 39
1 71
30 61
204 54
377 56
565 27
842 41
232 81
805 79
191 12
811 51
611 90
586 63
349 100
656 18
28 11
549 38
737 63
501 70
52 66
309 66
865 12
715 66
14 44
877 24
260 95
691 57
777 32
659 45
649 63
358 100
603 1
758 9
318 73
790 85
983 51
14 99
864 94
498 51
438 93
912 21
54 75
231 90
939 75
353 76
479 90
767 53
164 75
82 56
719 91
177 79
542 76
129 22
33 17
834 36
13 42
215 53
370 94
405 72
230 15
129 53
445 22
237 44
661 8
767 97
845 57
644 27
997 49
169 14
55 54
573 54
679 51
80 49
815 56
914 3
273 10
468 32
929 9
770 67
910 11
371 14
358 76
430 100
651 86
402 56
301 25
889 54
84 18
857 53
581 96
65 97
71 68
897 74
765 95
435 46
589 30
167 35
823 9
63 30
173 45
6 26
183 91
557 98
22 44
840 64
149 74
173 65
87 61
445 52
567 64
16 94
530 11
51 68
12 22
226 71
913 17
104 33
462 31
801 30
112 51
301 74
41 25
617 46
638 3
769 19
283 55
508 84
988 77
557 54
422 21
27 58
833 33
378 11
335 38
68 38
363 77
24 60
790 54
412 92
858 12
780 14
749 77
278 79
1012 85
139 87
568 100
632 63
977 73
508 12
988 75
137 74
28 58
801 59
350 89
983 10
394 31
427 97
631 54
138 30
292 48
264 65
294 96
433 61
570 47
710 91
1018 89
625 86
258 61
99 95
559 10
60 1
401 34
266 86
469 93
99 41
769 48
779 6
712 12
950 39
156 84
984 47
775 6
701 81
78 85
413 61
935 32
737 28
531 31
584 20
281 40
1 3
510 56
685 28
978 26
121 92
627 49
635 76
706 20
97 45
677 60
778 34
20 4
961 30
594 38
540 16
304 6
958 78
164 31
524 73
566 94
886 27
951 43
844 34
478 61
883 11
160 32
239 51
671 98
151 22
803 9
24 22
28 81
124 81
263 57
850 51
225 87
529 66
674 78
124 77
824 27
929 21
120 36
690 89
375 69
289 68
764 21
128 27
123 52
430 2
785 74
496 66
835 6
340 30
376 9
676 42
386 2
421 77
390 63
376 56
86 62
95 95
887 8
990 50
532 92
193 50
87 63
594 1
453 78
65 29
426 55
924 96
784 42
397 35
585 58
167 13
839 2
823 26
407 53
448 81
890 7
286 29
861 75
372 6
664 49
655 73
451 88
940 56
17 65
831 76
651 37
679 95
908 81
704 89
641 42
632 92
471 39
547 73
386 16
386 35
760 63
319 95
548 96
455 93
772 51
422 88
540 67
672 68
730 64
89 66
821 57
692 76
159 82
227 34
212 48
865 37
46 56
55 25
443 13
74 78
953 98
917 36
995 80
571 86
348 90
305 40
933 50
978 4
355 78
470 91
393 18
633 45
733 7
78 75
861 90
189 91
443 91
554 38
178 17
688 60
998 64
898 1
23 29
914 62
688 65
93 43
839 3
348 92
984 63
146 68
83 78
1003 24
732 16
586 66
193 73
67 94
297 78
650 24
647 42
5 3
919 32
877 58
815 99
771 63
374 29
356 56
395 27
352 46
619 50
432 43
665 41
235 75
1017 23
2 52
309 1
925 37
242 75
138 67
462 83
224 41
1017 45
453 78
597 27
611 35
378 60
889 85
559 6
308 14
842 61
687 72
689 94
615 61
719 73
624 71
594 52
45 31
413 77
921 9
937 82
596 35
409 62
70 42
351 54
261 52
880 65
639 53
341 23
566 9
292 76
777 96
687 43
628 94
10 69
853 19
993 81
142 31
404 65
9 26
450 30
744 30
135 92
365 13
592 37
457 53
551 92
287 83
565 55
859 36
851 61
142 49
434 76
108 60
595 49
636 27
851 17
834 99
121 10
221 75
27 51
886 49
307 68
993 30
660 57
798 48
520 16
154 62
56 15
643 69
604 82
1009 2
896 54
510 98
353 43
989 41
447 12
551 24
873 50
538 66
244 4
327 72
