2543 8
3409 44
705 42
3011 99
2589 87
1825 98
1217 10
3019 19
1019 36
131 10
4030 75
2130 32
3704 96
1481 98
3010 65
2469 58
2615 11
2980 48
138 29
1376 3
3269 62
2667 44
2346 12
2354 17
576 8
3377 31
1781 85
2804 43
2157 10
3138 19
692 85
1988 4
2196 81
2727 50
57 94
3294 15
3716 79
2228 49
1525 69
1771 99
3604 29
2358 35
1256 2
3122 46
1800 64
3190 99
2906 41
561 57
4033 87
2107 8
2796 55
1635 51
3357 28
2015 88
3336 60
2696 76
335 2
695 95
493 15
3845 27
3094 76
3597 29
1058 95
1758 97
3494 77
3281 67
157 37
683 31
534 95
451 76
1082 43
1276 19
2860 29
3830 66
2652 57
2606 50
2248 4
2754 48
1094 55
3253 22
1721 25
741 84
3178 85
2432 8
371 16
2616 95
1829 65
3776 62
2822 92
1701 30
3078 16
216 62
2147 68
3584 45
2714 59
2940 26
666 87
2191 58
774 87
3893 82
1374 54
1996 15
1303 100
3953 24
2742 22
3827 80
3860 95
3152 43
1878 76
707 7
2639 81
546 25
3282 31
188 1
3954 87
2707 55
3645 40
1196 27
3785 19
1447 41
1423 39
3331 24
1026 100
548 92
2930 13
3992 51
3913 7
3617 40
3207 87
1185 43
270 5
2110 15
1065 58
264 43
9 86
2149 89
1413 48
3043 26
2997 83
2496 61
2166 66
2883 66
1831 100
2331 96
31 23
134 17
1240 55
3497 26
273 55
3748 22
215 38
2392 35
3232 45
1286 96
1456 67
762 15
988 84
3129 82
2086 17
3375 58
1721 18
3861 54
3155 82
1069 16
3411 66
2555 39
2170 100
1711 41
851 75
3899 8
3258 25
1039 75
1709 11
2236 43
2364 6
2351 72
588 2
1409 80
4045 99
1112 86
3693 64
2478 8
2410 36
844 7
1473 10
2484 73
1114 17
2124 23
297 46
3389 39
2378 31
1119 45
772 46
2810 9
134 56
29 42
2228 76
729 66
836 60
2905 1
1225 54
2197 89
664 13
2074 30
2817 21
2382 78
3233 67
1073 70
2482 31
3711 98
1741 99
2963 76
477 96
501 39
481 51
2636 33
919 67
2793 5
1009 43
3443 30
2331 14
3479 44
1327 23
755 52
347 60
936 68
3291 85
1940 88
1476 88
3964 29
991 59
1981 68
1004 5
879 45
413 91
256 67
991 68
2703 55
112 14
1444 12
3852 2
1321 8
618 7
2295 64
4010 43
722 40
1787 44
1941 15
3179 75
2004 7
2857 88
1652 37
1123 48
2760 84
3355 11
1148 89
1708 36
2353 16
692 22
1441 48
3257 80
1836 34
2113 37
1320 63
780 38
3809 93
885 14
2934 71
2752 31
1989 54
159 80
1658 21
3251 62
1751 2
2453 61
2497 19
3163 24
1815 46
848 93
2024 8
1416 55
3721 80
803 20
314 51
2975 10
3572 3
2562 77
3427 28
2508 58
242 54
1745 72
2303 52
2467 44
4019 89
2326 99
534 93
2326 98
1433 77
2543 40
3584 92
2923 25
424 24
1532 1
649 92
2810 20
609 84
328 38
2302 9
1227 5
1051 35
4071 57
3500 17
2713 45
1136 56
3140 28
1690 77
49 53
1973 34
640 90
1515 23
1848 98
3512 86
1222 12
2653 7
627 95
2696 29
691 45
2248 37
51 19
783 64
1610 98
1991 27
3376 98
3046 34
1126 58
2091 41
2475 37
2259 88
3819 86
2699 95
3329 16
1221 79
3803 27
823 2
322 82
2648 36
1459 80
2106 25
885 79
1320 63
1446 3
213 84
449 42
569 46
1648 65
3514 21
1162 98
3869 40
2177 31
3320 13
3545 27
1495 58
1650 55
1578 57
1625 14
2020 28
2167 92
1516 91
2474 70
1631 77
3428 43
2167 90
1687 48
55 79
3623 64
1231 89
3535 88
3295 90
2833 72
2682 12
2426 62
1049 22
146 7
300 13
4054 82
681 83
2631 66
1865 29
621 20
3094 15
2571 95
897 91
1600 86
358 100
1088 38
3412 64
3068 5
2780 77
3386 32
3825 34
634 67
3136 73
3030 44
829 2
968 25
355 29
1608 83
552 93
2601 64
1501 63
1418 45
1712 94
1318 95
3222 12
2689 97
3557 16
3598 59
3304 31
3475 11
3157 33
2760 5
3227 73
113 16
1060 47
226 32
2868 15
3849 67
3223 89
1818 54
3069 87
1669 83
2118 58
1043 36
318 69
1348 91
2841 27
530 49
911 63
1732 88
1395 99
2898 94
1717 18
2219 28
2919 7
210 36
165 77
300 72
3407 15
2743 41
2716 1
573 83
755 66
2430 91
1371 82
311 92
61 66
1657 2
2522 65
2752 70
2840 32
3643 57
263 57
1143 39
2219 16
2082 14
832 58
2824 2
499 11
3219 11
434 11
2191 83
117 96
3832 42
1460 55
541 76
1610 8
1375 96
2981 91
1202 30
3445 74
2440 81
1368 65
1499 40
1248 2
4005 6
3272 5
2815 9
656 61
1872 26
2430 32
493 10
338 66
1421 21
3625 80
122 15
3184 62
1897 76
3376 81
3901 81
2278 91
1748 39
969 1
804 37
1086 44
3092 93
1138 81
384 35
1498 6
1159 9
1851 65
3343 38
1037 40
25 35
3313 15
544 83
165 15
3187 84
2870 37
3226 73
1484 99
2208 96
2290 45
3945 14
1417 55
2861 52
1206 11
3418 24
579 68
4010 85
2963 2
2120 46
2998 66
2387 91
2387 39
3672 69
902 75
3024 78
3048 95
3963 20
2210 23
1385 85
229 74
2047 4
1402 66
2411 47
1940 18
2544 48
511 23
3351 31
3747 63
982 82
3086 98
2878 65
3642 10
2922 54
3117 64
727 1
3056 8
659 17
2369 67
221 85
330 47
269 91
3699 77
924 35
1103 43
1399 43
3919 70
3253 67
270 62
3927 45
2045 83
2648 10
2471 82
1338 69
988 79
3402 8
1804 89
1613 69
3226 93
2239 93
1739 24
3626 74
3881 47
576 91
227 47
1563 8
2832 86
652 17
2635 83
1328 79
2540 24
709 88
1665 80
2882 55
1730 71
2741 13
916 22
3855 14
2694 87
3787 1
3261 10
1105 10
3909 73
1794 2
2950 51
3678 57
3190 93
65 57
1660 87
586 70
3928 57
1837 62
1940 66
3843 87
1351 3
2707 68
3032 80
511 38
576 22
2877 95
1580 42
2883 39
185 59
1263 85
1835 92
741 52
798 13
3909 34
3730 29
2671 2
737 19
3329 58
2909 42
229 78
2484 91
3809 7
2005 54
1716 32
1885 38
2506 2
631 42
1550 81
3778 32
3795 51
3592 56
1763 33
756 91
1357 56
1901 83
36 73
1582 60
419 8
2823 59
612 65
860 5
3824 73
3389 27
3063 75
3785 26
3021 91
766 98
1127 78
3305 23
3632 99
175 66
1238 57
2882 36
1670 24
1898 40
3294 91
3724 27
841 89
3664 99
343 34
1016 47
1259 62
2756 74
3937 2
758 65
3176 60
50 66
2679 5
3280 78
179 31
1366 3
2372 81
2854 32
3687 68
2056 88
4042 94
2636 35
3215 86
671 69
3486 10
3196 47
2090 41
2995 87
1449 21
1779 19
909 64
4012 19
966 86
3460 64
2358 27
1987 17
3189 48
2534 70
4012 50
3078 61
3778 66
3265 3
2726 65
1334 11
2386 58
123 23
3716 53
3852 60
3131 100
2573 65
2349 88
265 78
2419 32
3987 97
228 91
2666 27
2354 35
2359 2
1138 28
1114 14
3839 64
3382 39
1853 74
3099 57
977 25
1318 6
2582 31
1632 62
2338 73
1608 48
3702 49
1662 62
565 70
861 4
3545 81
3945 27
47 44
3367 94
2732 75
3563 41
2894 35
3640 97
1439 28
198 64
1475 11
3552 57
1456 88
3349 89
503 38
3519 9
816 73
1308 40
2942 74
1577 55
1020 45
3450 4
3679 98
2202 80
1653 30
733 4
1904 75
3972 33
3035 7
973 97
3787 14
1208 89
12 64
3935 75
927 97
1538 61
2174 70
3950 81
3484 23
501 55
1273 50
1175 41
728 1
2633 32
3222 22
745 99
3939 89
1051 71
2647 62
3777 63
3567 96
1877 3
286 73
508 69
627 64
1128 60
1437 81
2615 5
1134 43
1055 1
2067 17
870 20
3806 9
775 6
3776 83
838 80
1111 6
1345 79
2801 30
3334 87
1604 35
3710 80
2828 87
143 28
1793 24
1906 33
1883 85
1003 47
3933 15
4009 40
3981 85
727 74
2012 11
136 17
1282 98
3640 46
1339 12
1013 39
2463 71
2321 68
2031 67
2948 51
3294 8
1319 39
119 60
757 43
2234 51
3007 92
790 37
39 65
2963 58
2233 97
2989 19
1725 67
1890 60
1187 42
2376 78
2381 41
1794 95
907 6
378 81
2429 70
3216 21
446 26
4046 20
2619 87
254 82
1964 60
1240 79
3758 21
2458 3
616 41
4030 10
714 71
4034 73
3989 53
3814 52
514 12
3323 58
1684 36
1874 87
1099 51
1759 33
2737 50
3890 81
2338 20
54 59
3991 12
3393 93
719 58
3266 6
1047 2
1754 97
595 67
2967 79
1648 40
3371 58
761 91
356 60
2302 97
3964 46
549 33
3865 16
3374 83
1651 49
1838 25
2649 45
1715 78
3973 27
3394 59
1484 66
421 36
1016 26
2680 82
989 43
2914 31
462 99
1315 87
2780 83
3396 30
1381 71
193 71
2692 30
3906 85
1918 2
1776 38
954 1
3061 82
2983 27
3444 9
930 31
447 60
3554 26
520 96
3334 27
46 87
2324 65
2202 14
3573 87
3603 14
2695 99
242 21
2138 2
3993 20
2826 83
3113 60
2858 3
975 21
3558 46
2062 94
1910 89
2002 36
3541 87
1446 74
2789 77
2940 44
1120 31
514 99
3852 48
4076 71
36 61
621 38
1814 85
3185 43
99 31
590 61
228 84
3132 49
3001 37
2760 44
3584 91
810 52
2419 30
2926 20
1225 46
3997 77
1809 86
1915 94
1900 73
114 51
1248 91
2509 42
2488 72
846 55
940 86
3256 28
3533 37
2932 66
2568 1
1204 69
3447 91
272 43
505 79
1439 49
4067 14
1024 2
422 79
141 72
805 2
1687 65
555 26
3604 43
1884 90
885 87
1066 98
700 79
4009 16
1015 50
1747 82
478 70
2929 5
954 82
93 29
2930 10
2011 65
147 75
2468 11
3125 99
1376 87
2787 53
1100 94
721 88
326 96
3621 10
1513 47
1735 7
4093 43
3477 34
3097 99
3368 76
3653 93
2462 27
543 60
1944 76
50 28
2614 75
588 92
3306 30
3253 43
66 25
1084 19
2355 100
2124 59
828 31
715 79
3050 74
1706 27
2881 65
3824 80
3597 22
4006 35
1581 2
183 29
1593 5
1726 16
2625 22
1002 25
3092 28
199 67
2000 80
2510 76
1110 19
1688 58
3961 4
2085 81
1145 30
1173 21
1674 32
1680 77
3425 89
3859 92
182 54
3575 91
3767 88
2177 2
815 52
821 15
1205 32
2767 87
971 96
3012 65
3923 2
3223 74
1957 28
3786 16
3859 11
1018 12
3774 15
1945 57
3903 77
3457 95
2987 94
1313 78
3680 95
2996 68
1241 65
3478 62
2127 6
622 56
3963 75
68 75
1744 66
3422 17
3961 16
2060 9
1968 58
999 97
2718 99
2849 46
2021 80
3469 31
1504 17
4063 41
2624 12
2965 52
3442 36
1028 88
698 59
3583 87
3461 77
3255 28
1343 38
2004 46
2866 20
2909 42
421 67
1558 97
3060 60
259 93
2713 48
3884 16
3762 20
3884 89
1967 54
2923 33
1956 37
155 31
2538 40
2043 21
1888 88
3205 81
1478 98
1363 98
772 61
996 90
2954 81
2972 98
2767 52
548 10
3672 80
1092 95
3779 64
3376 93
29 41
1382 66
444 66
2532 93
620 27
145 60
3763 46
2354 94
2080 85
3079 28
3190 84
1057 26
2197 7
4047 66
3514 77
1297 51
121 53
3818 2
2416 35
543 95
2834 7
2323 53
1089 23
657 50
1090 4
511 65
709 86
3367 16
1593 61
783 78
2210 33
2211 77
1957 75
2595 78
992 84
300 50
3268 58
4061 32
3032 2
1389 39
1943 61
1137 34
2248 100
2974 17
1162 97
1556 74
3731 53
3633 87
1370 29
1725 93
2502 24
726 81
3900 21
1235 50
1882 44
384 30
918 24
75 36
1059 40
4074 64
283 100
3825 37
406 43
722 26
2929 7
1172 84
2414 26
3846 20
2899 7
1273 73
534 12
3729 19
241 59
1842 16
317 55
1545 41
1430 84
507 99
1019 7
1688 10
5 90
752 12
3777 27
2517 25
3593 24
1695 24
3525 49
2488 53
3775 84
1423 79
590 92
117 100
3210 64
4045 41
772 8
2095 59
3067 85
3690 36
875 97
2910 72
957 58
1504 70
573 48
1065 8
671 3
93 87
3121 68
89 25
1918 28
318 91
1703 68
2984 19
3362 96
2355 65
2193 28
1452 64
133 45
4076 43
862 25
1140 7
2066 15
604 72
1332 73
2045 68
1016 79
1847 35
3504 90
3731 34
790 33
3838 83
1214 81
2392 74
3577 49
3720 3
1602 71
218 48
3357 95
1529 37
2614 16
2902 19
2183 9
4068 30
73 87
333 27
450 81
1027 53
3642 44
2573 68
1974 34
1156 73
3147 5
3896 87
397 2
2806 6
1272 80
655 77
2271 62
835 88
2327 1
1295 47
2573 59
3587 36
1711 74
1400 81
2992 98
105 47
545 59
3419 10
2031 59
423 95
3495 21
1337 77
2509 4
3459 1
2395 98
317 25
427 83
755 82
2789 83
3003 95
745 17
3077 60
3928 94
1183 38
616 77
3857 29
1377 71
3720 38
2739 63
813 58
2354 32
38 43
1776 31
2888 62
661 80
572 86
1942 92
3208 84
917 72
472 15
3395 42
1567 59
2714 92
2013 67
1952 56
1317 84
2607 30
3530 35
2009 16
2212 57
3350 31
672 25
2457 41
1261 23
3189 47
3200 94
643 92
1581 5
1181 44
1797 71
3007 96
1936 4
1125 66
898 52
1352 8
206 96
2681 75
738 66
1056 58
3077 49
2237 30
1072 62
477 85
466 85
389 44
1037 43
2846 9
3176 43
2673 54
2917 52
3494 86
3123 53
1970 40
3676 5
3628 39
860 10
3544 43
2216 33
2181 9
111 19
494 14
1088 9
2474 42
1203 44
3227 2
3929 77
1927 4
3515 1
2719 29
328 47
439 11
1283 94
755 64
1838 12
1164 76
887 100
1306 27
3330 31
3451 26
1561 18
1111 24
3990 11
391 98
1043 2
3565 20
978 41
1146 32
2456 66
3315 81
137 29
3589 36
2357 21
4035 90
1210 36
3540 32
925 23
2496 83
1480 76
3634 9
3450 72
3688 92
850 67
1509 65
1869 25
380 37
1914 22
264 84
1260 57
1924 63
762 12
565 82
1868 63
193 54
2978 32
1226 89
1107 19
753 43
197 66
2451 92
2791 13
3611 1
1038 18
2480 55
455 25
89 26
1657 97
2440 9
3960 11
2924 100
2220 90
2944 32
1864 73
2583 81
559 15
1095 91
1172 26
3047 73
2371 78
500 100
478 21
1866 99
662 8
45 29
567 59
859 29
301 4
135 46
619 58
1820 49
879 5
3569 33
969 74
1175 6
1636 64
424 17
200 4
1517 42
1637 55
843 81
753 1
2045 100
1219 65
680 75
