4062 44
1723 9
4083 84
2928 40
2302 92
3399 97
3885 60
1450 26
2266 66
2082 3
2829 46
218 25
3621 53
220 50
2337 98
1473 48
654 97
3467 66
2829 44
3736 63
147 21
1016 66
2042 25
404 37
2379 82
1302 29
2460 85
2042 96
2127 98
2503 77
2904 5
527 21
1815 91
444 2
1574 23
2731 81
3089 19
756 87
1708 92
1191 41
3520 89
170 91
3424 14
589 67
3184 63
632 22
3179 53
868 46
2929 68
2544 20
614 94
1072 5
1435 18
3259 15
1477 6
1364 42
1409 67
2688 86
3392 70
440 8
3261 65
3554 15
1482 43
2664 91
1850 16
3817 44
2369 81
3324 2
3735 42
2201 80
2038 80
1770 45
215 25
547 44
2123 84
1062 84
2177 88
1976 36
3282 11
1764 73
2389 50
165 34
1794 8
461 19
187 64
1776 56
1950 4
2168 4
2024 97
3621 52
1767 12
3097 36
1494 6
3960 73
2652 18
4079 76
2438 75
3706 24
3607 20
3960 53
761 73
264 18
2313 5
2677 49
1262 1
2345 20
2083 35
3375 34
356 15
3850 57
2829 7
1199 86
3024 20
2840 64
3647 78
3621 76
1467 90
1806 91
775 98
1374 95
1002 8
3007 5
1348 62
1647 82
1246 24
1942 78
3540 43
2610 52
1226 38
3819 6
4070 47
3584 53
499 9
896 37
1164 77
2369 79
3055 18
1336 75
3104 23
3571 8
4074 36
3872 75
3454 99
1923 32
761 7
4064 44
1330 3
3860 70
3962 61
1036 84
338 2
1684 9
2639 31
742 12
2119 21
3735 10
3661 75
2290 31
3444 58
2877 7
2449 67
1097 52
2922 20
1199 42
862 98
460 85
3354 94
39 11
951 71
866 36
2496 42
962 30
4000 87
956 4
1190 31
178 27
1804 48
1361 65
4071 6
3567 89
3555 54
161 68
537 63
469 56
2840 64
189 49
38 23
753 18
2441 83
1211 38
1816 87
2143 20
916 55
2451 72
67 13
310 29
3510 95
1292 99
691 37
3916 25
2367 87
2556 67
2175 2
3219 79
3646 95
144 5
1146 86
772 44
1071 67
3265 50
2433 71
1133 56
1459 44
1385 96
4040 50
3106 2
1558 35
3095 54
3818 59
85 60
1781 33
2908 67
2568 5
3808 22
1424 4
739 59
1259 12
1479 16
1848 50
2742 26
1340 34
2646 63
2381 58
2733 64
1177 89
2437 9
56 51
2625 66
2650 61
4058 23
2433 31
2764 53
1730 17
2946 80
1096 69
3969 11
2060 23
3430 67
539 59
861 51
3933 11
2906 86
888 54
1653 53
4085 26
3050 41
3431 30
1872 100
2532 54
2868 78
1432 13
2871 91
2691 5
2079 26
2132 82
1178 42
2140 40
3594 57
1169 75
2968 36
1488 4
1803 37
1141 50
633 71
528 27
539 93
2433 74
644 12
3418 41
1683 1
253 83
2226 40
41 21
3688 41
1957 86
2285 23
3125 93
439 9
4086 37
3757 89
389 68
288 39
2662 9
3720 71
3090 68
1284 50
1357 56
2773 27
666 59
3763 30
330 19
2914 1
1640 7
1591 98
693 95
3095 27
1009 21
2133 57
70 81
2567 36
2314 66
2948 17
3324 74
3938 81
3228 99
1316 73
104 23
2892 56
2601 2
2483 64
3391 17
3558 81
3602 30
2994 77
3008 64
107 31
684 3
1818 22
1231 42
2003 42
240 7
2068 48
1112 38
818 96
2989 67
3236 86
2300 44
2017 21
918 57
3560 67
1438 45
791 73
2951 99
3917 45
2956 85
3374 52
533 43
1655 36
2398 17
3733 14
1552 75
2181 75
162 96
1276 40
1256 74
3757 83
465 20
689 48
1966 16
1568 97
2948 33
1620 75
2837 92
7 25
4032 99
1427 29
3405 10
2799 49
252 39
2587 79
2549 52
220 34
3266 59
3903 47
94 86
1796 94
3126 4
3838 31
2833 68
168 86
3931 65
915 4
2772 100
2813 42
1127 22
1236 14
1792 97
1580 54
254 9
1474 85
1270 90
1574 89
3414 26
1481 35
221 64
2749 40
1756 21
1298 21
18 68
3200 34
389 30
3479 16
2483 90
396 28
3813 24
2629 20
1444 21
1314 39
1813 82
1839 44
1489 62
3645 46
3702 93
648 28
2856 74
3751 11
1306 75
820 57
1177 40
681 3
155 75
2569 78
3440 86
3055 7
2882 97
1120 4
3316 77
1363 76
3400 44
2901 25
2948 31
1500 88
3720 57
982 41
2647 15
3698 99
2527 27
1803 73
27 16
836 48
247 77
955 50
3305 59
3991 35
145 12
1522 96
4078 49
3428 80
1045 75
1957 51
3573 54
3070 23
1554 91
242 47
2830 70
1043 10
3243 58
1996 50
2905 67
815 67
3036 47
1561 100
1746 47
2813 43
1540 59
78 32
4018 86
2380 19
1239 3
4058 21
2123 75
1192 47
1217 23
3351 17
4014 99
3491 74
1178 1
3822 100
778 9
1401 79
1744 83
3537 85
2731 69
3572 4
556 99
3533 75
993 52
134 15
1340 47
1687 73
336 62
403 2
2886 92
2121 88
2056 15
1996 83
2144 11
2238 45
3774 90
3053 81
842 6
3284 46
3462 19
2830 48
2699 91
605 42
2454 10
2611 11
1667 22
592 95
4051 62
2167 70
1433 84
3184 44
1840 84
1371 54
3432 8
4005 29
1265 80
2560 9
662 33
1547 85
774 82
3689 14
2766 77
3938 79
861 69
1058 91
1875 26
1636 63
3798 39
3456 35
4065 38
2849 2
4052 86
1706 28
161 42
3309 61
2014 40
2624 75
1707 37
3956 65
2571 68
2130 65
1767 3
2313 16
2407 58
3902 94
452 88
2739 46
2229 81
2827 97
1056 53
2936 79
1166 66
2463 66
3797 3
1006 7
206 30
4063 69
626 90
1698 24
3430 51
1173 90
3492 11
489 38
3818 43
3586 9
4014 43
1742 25
3684 86
3482 63
2482 76
1082 99
719 50
2447 33
3489 30
1489 25
1141 30
709 26
1340 51
1714 47
1118 38
3169 70
2087 80
2946 12
2468 60
2505 70
209 85
790 22
3033 33
2486 15
752 37
1041 28
1681 64
3658 39
1113 71
1575 60
406 27
4029 87
776 45
2642 41
706 22
2084 34
3996 18
1525 5
3545 60
928 95
3488 1
1226 93
1359 34
2721 87
109 56
778 95
2211 12
3384 31
11 66
1250 66
2157 79
1154 47
2757 91
911 91
2034 12
728 76
3993 45
696 65
495 49
287 63
2859 87
3096 67
2318 43
1242 39
3111 32
457 28
3725 45
1770 64
1225 2
1124 75
281 73
264 68
234 80
3909 51
2055 70
1200 18
3312 52
2882 40
1506 34
1045 62
1849 39
2863 85
227 25
3616 11
2765 98
1750 64
1391 50
3841 31
2793 7
2012 39
2272 84
3777 64
1801 55
905 91
1327 17
1955 79
3716 32
3184 85
3264 68
162 91
273 88
1832 2
1083 50
1025 77
940 40
2353 74
2835 53
37 4
605 9
3053 26
4078 9
424 77
2684 86
1012 9
1779 75
4054 66
1240 77
1640 30
714 14
1489 87
3513 49
3349 21
2497 73
2496 64
3780 52
3480 83
863 69
3702 60
1380 28
334 87
898 44
904 28
446 98
3483 90
2437 73
856 24
3737 67
600 47
366 24
141 13
2893 98
3027 14
3435 95
2649 63
1494 45
2769 50
1012 34
2851 46
1008 35
2380 10
2055 94
3913 1
189 56
529 89
1661 57
2803 42
1470 37
2752 31
3317 81
2611 43
1795 37
3952 58
1704 85
2442 12
2413 14
2606 14
448 88
2618 1
3893 62
2783 70
1696 60
1051 19
1382 36
722 49
2588 69
3504 62
2560 19
3093 16
2421 6
305 6
3195 46
3673 94
3542 42
2770 16
2716 28
3282 21
372 1
3784 51
588 17
3939 47
787 90
3191 39
855 80
2229 54
628 73
4018 11
31 58
1582 93
1872 68
3716 71
612 63
221 38
444 43
2993 96
2521 32
934 33
3020 42
693 5
2106 25
481 20
563 18
1856 16
1821 49
2770 13
3404 77
1275 40
3361 93
1817 18
3057 54
2468 32
444 30
2804 25
1007 30
2974 9
2104 96
781 86
645 44
1084 33
397 87
166 39
813 51
2008 22
354 49
245 30
1777 55
3158 32
2823 92
914 24
3846 13
2744 11
718 68
1957 35
848 89
2627 13
1163 95
2405 56
2165 25
4047 58
775 48
207 20
1569 7
3396 94
3347 47
2207 67
3537 39
1202 46
3215 49
2841 73
369 60
3229 9
2140 67
1334 2
763 94
884 89
2524 3
845 66
2641 13
2714 78
1785 56
164 90
3182 49
451 11
3889 80
2803 75
1855 99
2033 43
1225 90
895 12
1416 30
802 8
913 86
2423 12
2322 96
2752 9
1053 76
1572 90
3745 87
1651 4
3841 97
3835 2
1668 71
2929 14
1325 31
1407 92
2199 95
1283 8
2701 31
3950 74
1134 98
3405 16
1649 68
1798 50
3715 66
2944 5
3262 28
3648 89
2891 78
1183 80
1158 17
3796 52
1730 37
1868 72
1024 45
2495 25
2586 91
1596 9
3154 59
3437 27
1903 8
3484 7
109 29
2436 60
2209 31
2036 84
439 42
1045 96
816 27
1329 53
2892 71
2088 52
2250 19
3615 51
140 8
481 20
1459 44
293 7
3102 17
557 96
2597 36
767 66
3424 11
2355 42
1276 10
3917 98
111 8
2949 33
725 9
2160 26
214 76
444 36
2835 43
2861 48
3398 78
951 68
96 34
1166 75
1964 69
2752 78
3863 43
2006 13
630 24
1654 7
25 77
3874 89
1029 61
2135 87
2428 86
1832 50
1438 92
2165 34
1673 62
1047 82
856 57
3393 52
1878 24
852 2
2163 13
3949 80
166 9
2632 53
216 80
265 62
2736 43
1593 49
2892 28
2358 35
2570 51
1730 13
3776 71
3297 94
2233 56
3895 29
2367 94
359 30
325 12
406 91
2346 79
2776 96
2959 12
507 80
425 73
2182 98
2401 22
4085 35
728 3
3502 51
3991 44
1454 45
3487 72
584 85
2621 91
2017 99
1065 25
1206 64
3155 58
949 5
2494 62
1958 88
934 43
3272 14
2310 72
1445 4
4033 26
1311 53
2728 96
1990 97
605 53
3413 16
402 97
3853 74
277 99
2562 43
2957 94
3475 62
1677 87
463 67
3348 8
1201 73
863 43
256 77
1250 9
492 96
39 94
3534 91
1799 1
3887 36
402 1
2921 8
1131 86
1049 37
3654 59
2587 38
1359 47
2327 72
2874 78
110 55
440 7
1333 26
1349 52
1077 94
3627 77
1435 53
603 87
464 93
3860 14
2471 62
3963 1
3107 97
1277 22
2555 53
1618 80
283 38
3760 44
1324 31
2716 38
470 77
1945 91
2239 32
268 69
814 30
3954 67
2673 86
3177 91
2023 10
50 78
2523 93
1873 58
498 18
2909 89
1795 9
1014 100
2447 65
1723 7
1104 77
2775 5
2746 83
1125 49
1638 79
2880 12
2684 8
66 73
1889 76
1372 81
1033 49
1462 86
2145 70
3677 90
89 58
1923 46
477 33
2163 62
749 90
2653 51
344 55
3734 70
2992 93
3895 35
2997 29
106 80
40 37
3215 72
2782 38
1305 3
3954 28
3995 94
60 31
2465 52
963 13
3861 65
3112 32
551 53
301 60
2669 23
620 15
3604 96
3668 6
306 55
2523 67
3073 82
507 81
359 79
1174 4
2859 57
2061 35
2295 44
507 87
2844 86
425 63
2475 30
117 8
448 17
1005 63
1503 84
1853 26
3416 62
3438 49
50 35
577 64
3248 98
674 11
1906 31
3227 98
1665 42
3192 66
2093 84
912 81
128 75
3084 9
1857 73
4035 64
3438 23
3200 37
76 90
3992 33
2330 22
1145 18
1350 99
3401 51
217 2
255 26
643 85
1750 34
3827 99
2258 45
492 54
738 52
772 23
2792 81
885 10
3271 3
2867 48
933 37
496 30
3756 16
2118 100
690 54
2967 5
1150 5
2565 64
2314 92
1726 84
3870 35
1042 18
1769 57
3594 15
2392 69
3855 66
1345 29
372 7
3385 95
282 70
4066 70
1374 4
624 58
3657 81
1105 42
4056 88
3461 54
2145 22
1645 67
3696 60
3139 72
923 5
3762 65
1102 88
3173 9
1718 69
2551 63
1847 62
3233 39
984 2
1266 78
632 91
3369 27
3989 5
1699 87
2759 23
1682 35
2823 59
3992 73
3425 52
2306 41
3066 93
1793 40
3101 65
304 89
4003 21
1400 55
1446 55
4007 60
1691 32
2655 34
3829 88
867 90
447 87
118 54
3799 16
109 77
2512 93
71 87
727 89
597 76
2230 70
1392 26
4081 12
1732 65
192 33
1124 91
1690 15
859 100
1728 32
3515 12
1103 78
4082 96
976 29
3474 51
3880 76
3707 85
1174 68
2415 13
3344 70
2379 49
423 91
3240 11
2953 21
40 80
872 36
2637 60
4027 49
3737 79
584 62
1641 13
922 100
217 78
831 42
1319 38
1966 49
2039 58
3858 70
3438 2
1061 31
3672 31
820 72
3968 49
3249 32
2301 29
493 79
3820 72
78 96
2194 85
2697 53
3722 34
1304 72
1753 8
531 53
2693 24
2139 96
995 6
3289 29
3140 64
420 47
2036 32
1468 33
874 15
522 89
483 97
3556 57
1858 85
2458 43
928 72
2657 5
942 31
2186 79
3963 43
267 88
638 72
484 97
3528 97
851 53
3866 94
86 25
1710 98
2469 17
1809 68
2251 62
292 46
2682 46
1429 56
2590 74
1011 48
697 98
1629 69
865 21
720 96
3021 10
3784 28
1153 74
1884 24
961 34
1542 23
2317 30
1398 37
98 74
2979 74
3766 14
2226 70
2455 46
961 98
1322 26
522 43
904 88
217 70
3282 62
737 100
2840 97
1319 39
3978 16
4077 57
2864 10
2835 69
1824 59
2312 76
529 50
4077 39
3735 22
425 54
3211 56
1278 34
16 9
2927 66
1709 7
577 32
2556 26
2226 72
3871 28
840 78
1417 67
3894 90
1791 31
743 61
2715 14
2334 30
2722 39
3124 56
2797 62
50 57
626 67
2684 13
1495 76
2196 88
1815 87
3406 53
991 36
659 89
942 16
112 66
2865 41
2304 32
773 44
875 37
1417 1
2581 38
2058 53
1432 58
2904 34
2397 28
1493 47
2440 35
3154 16
55 56
860 94
3849 37
1763 79
614 97
1256 14
3055 89
1603 7
792 98
770 23
1516 24
286 97
489 4
74 82
2471 94
1222 89
74 36
2112 79
2619 88
1902 23
1789 71
3363 18
394 83
1315 95
1831 32
3414 55
3570 25
1592 63
1427 15
2573 49
1946 56
1579 23
2190 81
3444 68
857 32
939 44
1398 77
1928 90
238 87
3866 33
1021 81
2013 61
136 34
1633 77
2989 23
2393 28
2275 49
2372 41
1506 64
3396 34
4008 46
2242 84
3907 96
2483 62
1005 74
2565 90
2638 43
1976 70
3164 86
1723 27
1237 95
1120 21
2046 26
550 41
2412 4
2921 2
440 14
2913 79
247 44
26 86
359 4
3128 84
892 95
2987 56
909 60
1812 93
1342 83
3340 81
1449 41
80 52
2955 10
1750 63
53 7
1821 34
3975 17
606 31
3564 99
2533 49
2404 50
2968 25
916 41
1770 56
3176 5
1744 31
1718 76
1377 94
2050 5
284 3
2284 47
787 3
952 87
63 40
4032 99
2398 72
2817 70
1586 96
3310 64
1531 99
461 83
615 10
2683 5
451 65
1030 59
1979 77
2815 3
892 48
866 85
3793 87
3414 23
2106 44
1186 46
945 60
890 2
1983 69
2689 62
3926 53
3050 98
568 83
1647 50
2582 80
1444 44
558 26
1348 3
2688 85
2150 58
3155 40
3672 91
2039 52
3229 28
3884 67
1462 85
3709 26
3868 64
297 49
1088 13
57 47
3654 83
1590 98
3753 56
180 80
239 1
1843 18
2897 84
3791 13
3268 99
3235 75
1764 68
3419 37
1037 37
2116 31
3105 94
3317 61
2560 50
828 81
2272 53
925 7
1335 41
3436 32
2405 85
2933 2
3972 5
574 17
255 41
3371 44
2462 13
206 95
966 91
577 51
563 81
2875 58
3051 24
768 32
3624 56
1199 2
3554 72
1175 13
1837 60
1392 47
3649 10
543 22
940 32
332 95
1955 80
841 92
936 54
2442 37
1371 60
2028 64
1397 60
3683 80
711 22
995 8
4083 6
114 51
1106 13
3328 4
3079 48
3665 26
3126 90
207 87
3532 39
272 15
3706 19
1505 88
2196 72
1533 62
2207 92
2092 54
1040 66
2795 75
4050 54
1393 10
1095 49
4084 48
2619 18
1424 77
2872 85
3975 10
2030 98
1135 44
686 83
1935 93
4055 79
2724 32
1757 99
3633 9
3626 6
103 28
2610 1
1990 9
1385 19
3941 9
2438 17
479 56
3705 56
1171 37
151 31
3773 15
3789 8
1639 17
1225 15
3884 67
1666 61
505 21
2387 81
2759 98
77 89
3069 79
3652 72
3292 18
1825 43
1662 31
2833 64
3679 48
1939 24
3727 1
1108 7
977 14
1250 96
2069 6
3924 38
1983 45
3475 37
1242 76
2972 93
2718 94
1631 41
1436 33
92 86
2547 24
1407 90
863 79
3437 5
1908 86
2146 71
3281 19
735 13
1762 53
245 70
822 28
3886 54
998 50
3889 2
3958 71
2585 93
2069 24
2048 10
379 40
2911 45
663 44
26 18
2394 2
3792 8
2684 73
3884 52
232 38
2849 21
415 46
2272 56
424 44
2146 20
1556 17
3117 26
3069 27
4078 71
1437 3
3120 25
1299 58
3556 65
1238 95
2503 78
2155 68
1316 60
42 74
2130 90
2701 29
947 36
1747 38
3313 69
1546 9
1127 48
3093 64
3759 45
3339 83
2852 39
2219 40
1843 79
483 93
2441 9
3096 83
2432 3
3420 34
2774 90
1199 32
618 97
3425 91
902 6
3307 81
381 36
1210 100
3965 83
2017 3
3667 34
3752 2
1665 31
2252 70
3309 29
1787 52
1883 91
1979 45
2052 16
3756 46
1835 64
336 88
3200 24
1457 27
2058 75
2536 57
418 62
1971 67
2480 88
3396 91
1081 53
2056 89
1736 76
615 77
2902 43
2759 78
91 55
2016 21
3121 98
2475 27
3028 83
981 57
3825 47
2968 29
1449 84
1663 66
1481 62
2312 59
1291 64
1346 6
4096 38
904 85
2500 36
2628 18
1296 33
3401 51
2108 34
2621 83
1819 18
3182 29
3241 83
469 99
658 32
406 99
3539 84
2141 23
2037 39
2547 30
3025 28
666 97
3739 62
3704 85
1602 2
1965 39
494 3
1792 83
2180 2
3233 62
2919 92
3391 63
1020 85
3490 52
1491 49
3381 10
550 71
3535 98
3957 43
1222 14
3007 2
1756 51
2498 39
1647 23
1765 24
3665 46
3536 95
1427 20
749 14
3144 47
3035 35
1606 38
3232 99
3113 88
745 70
1469 73
3015 80
3759 67
4000 80
2074 20
3571 23
2719 35
2677 8
783 94
3635 54
3719 62
3985 55
823 9
394 43
3443 7
2640 21
171 33
1436 67
869 59
3413 57
1496 53
1810 19
492 53
3252 27
3715 69
1461 22
3343 65
3828 45
2899 73
3834 10
2023 18
1757 66
2164 42
1211 39
1988 77
3384 62
1788 92
1364 44
1369 45
3779 25
1274 9
1736 67
922 90
566 32
577 77
287 6
2231 74
3742 27
640 45
2983 50
3220 22
2103 45
3148 41
1041 29
607 73
2898 51
3513 72
2445 63
591 40
735 26
3897 15
3261 94
3999 76
956 48
2485 71
1924 45
1488 16
2453 53
1300 48
3461 9
2763 26
149 4
1035 4
2961 100
232 42
1477 34
2934 11
1740 42
1632 41
64 64
974 66
1222 28
2655 10
1231 91
3348 72
2415 37
1716 48
2748 50
2648 27
584 52
1766 76
3787 44
2938 6
594 9
2052 88
1921 19
2522 45
1625 45
4052 26
338 72
1810 20
3446 25
3704 30
140 47
3658 43
1545 71
2404 39
633 33
3973 42
3188 61
2239 87
2295 89
4033 24
773 36
3827 89
3211 100
2770 22
1851 48
2187 46
2619 62
2477 17
2837 75
2710 22
755 46
3104 36
2198 85
498 20
2769 100
1612 84
820 4
1026 75
1051 17
1205 46
1037 97
1780 55
3150 75
163 38
4065 58
533 94
1604 39
4043 77
490 70
3347 25
557 24
2395 75
3865 28
3866 16
3666 54
2673 64
4071 15
1343 3
1679 60
2579 54
1337 95
1032 45
807 66
2065 52
625 45
2287 48
3861 86
4030 76
3359 6
4058 25
662 8
2632 3
2160 82
2060 45
2440 39
1749 65
3577 41
2905 89
833 2
1143 83
1530 28
3507 96
3928 95
1545 67
2091 29
3588 42
3434 37
3457 78
2249 38
1676 28
2848 40
3824 96
2480 56
2841 81
3406 38
1770 53
760 99
1171 33
2679 5
1055 92
424 49
4091 2
3137 3
586 11
1280 58
1410 5
1855 97
1299 23
296 74
1938 23
309 32
2980 50
589 75
644 38
2908 72
1919 9
1010 83
816 92
193 5
31 98
907 59
879 46
1341 38
3883 93
417 44
4025 70
607 100
3527 91
4004 86
336 12
934 54
657 52
4048 25
1229 24
1268 48
3620 70
2290 15
509 13
3637 59
1347 47
728 67
2537 5
2723 39
242 66
1916 96
2833 78
3593 71
4050 91
1387 30
1673 49
3734 43
1555 40
603 22
1491 51
404 28
1889 89
985 8
1039 16
3995 49
1728 7
3799 58
2258 38
879 27
934 92
3615 78
2365 45
3364 89
139 87
3042 65
3753 30
1980 38
1322 59
164 85
848 75
209 96
2298 63
2129 45
904 29
1000 84
1699 68
3530 84
705 23
3728 11
4029 21
2036 26
1916 36
861 91
661 9
1355 46
2694 3
1195 57
568 90
3030 9
4001 35
3799 54
1461 25
3675 77
1505 7
2877 81
2230 36
2186 36
4047 26
1110 43
1504 14
1349 66
186 5
2773 82
1477 42
1954 19
2027 39
164 58
818 93
3760 83
1104 20
176 41
3051 37
2512 47
3493 84
89 12
283 85
1059 24
3789 44
2943 81
2330 59
1556 66
1813 26
3649 54
1376 35
1026 54
847 34
1915 85
3760 92
269 33
1235 69
4021 29
3017 19
2280 56
2204 68
2158 10
2149 71
2555 94
3567 31
1620 1
2271 94
4038 93
1747 93
3267 47
594 10
3345 42
162 23
1832 3
2660 10
2629 74
3602 87
114 65
673 44
723 83
333 60
1126 53
1338 4
3949 98
2919 75
1326 33
1235 75
2647 32
1777 24
1332 36
2002 74
2613 91
2413 78
3990 95
524 26
2800 20
1079 65
531 44
2699 79
584 94
3781 29
277 12
3729 33
279 89
3106 2
3426 52
2978 41
2123 48
1118 82
564 56
567 51
3302 42
4055 34
544 56
2334 96
3149 18
1353 88
1929 87
3979 29
1361 55
48 12
2764 85
2286 7
4087 33
3665 40
3476 10
2378 19
3799 9
3493 20
3668 93
2835 81
1217 12
480 9
3666 6
2215 10
3742 59
972 21
1109 48
2073 100
4092 99
2973 27
1113 69
1320 60
1051 40
1083 96
149 15
2532 54
665 75
183 40
395 21
1793 4
712 78
3491 35
2682 35
428 27
458 16
1792 75
2649 65
3246 30
3722 63
2999 78
530 21
1892 61
1552 66
1804 11
2334 60
473 58
380 93
2122 32
3153 86
2750 99
3158 82
2925 74
3990 31
1042 88
2734 3
1202 10
2763 74
1805 3
21 38
793 22
574 89
3954 20
2177 94
2050 25
1830 12
2150 7
50 29
2684 44
3658 2
952 50
2228 52
1486 1
112 43
4095 9
3778 9
1965 28
3992 3
2655 64
3810 29
3629 79
1074 39
815 28
47 64
1179 38
2933 13
1979 99
1429 18
1197 75
3899 9
2191 91
32 15
3375 20
237 87
1161 35
3814 71
3348 1
2655 73
3811 12
15 64
2610 29
1984 98
1639 41
670 46
63 66
3427 19
3480 70
424 66
1776 52
2555 87
3638 83
824 92
1720 32
3519 57
1134 95
1661 82
3938 100
3526 85
3233 84
1984 92
2279 30
798 80
2763 7
195 29
680 51
686 26
224 62
2321 58
2421 71
2305 82
1828 78
3952 20
2130 10
224 9
1259 49
2648 21
3661 93
2640 13
3567 25
3311 6
2547 80
1193 85
1071 18
3387 8
3405 63
1650 17
2515 79
44 33
990 24
1870 4
341 49
1488 87
3316 86
3662 95
2838 49
921 51
3752 35
198 72
1152 6
1974 31
899 1
89 36
1597 34
1928 96
155 39
1165 72
3729 32
3736 12
1624 64
2393 36
1078 60
3325 76
1680 8
1628 56
3560 69
181 88
1279 65
4026 92
485 65
3265 41
789 4
1897 94
752 10
696 22
4078 7
2234 25
3654 70
1803 86
2680 58
2350 87
1261 90
1768 36
1649 60
2755 65
3940 29
217 78
2213 47
288 100
770 35
2928 43
3623 95
1362 39
3600 59
2993 71
3 69
311 80
625 95
268 41
3221 78
1742 87
3109 38
3749 21
8 43
1405 21
3238 66
1202 88
1549 19
35 65
2391 22
335 36
800 93
1797 93
3426 51
2192 38
128 13
2634 65
44 89
1182 54
3299 41
2877 30
4006 48
1147 2
1971 60
3774 48
2700 75
3363 19
3051 17
1878 74
3352 96
2270 72
1761 94
2528 68
2157 46
1060 79
3442 36
2601 51
2861 33
877 82
1247 90
1947 22
2913 5
1551 3
1618 62
3215 79
2653 75
936 79
1082 55
3001 17
2865 72
1627 5
3050 50
1398 96
1270 32
3238 8
2587 60
3417 45
2018 5
2123 92
910 84
900 20
2016 68
1361 28
2396 35
1575 44
2638 33
1381 61
2475 66
3783 91
2056 27
426 3
678 47
284 15
3109 29
2572 69
2469 92
1117 81
3379 74
3167 10
821 33
3458 97
602 14
2267 98
1167 31
3968 23
250 66
3116 90
2669 56
986 32
1769 14
2793 98
2267 6
2717 64
711 70
557 28
2603 34
4066 55
2194 55
996 68
1353 22
577 46
528 20
2353 18
1794 90
1589 60
887 16
1745 92
3706 79
3360 27
3552 100
2219 11
1284 66
2365 68
392 89
394 68
3512 55
3186 59
4018 20
3692 99
2058 98
1202 62
2438 26
459 25
2606 2
2458 67
897 35
1228 53
654 13
3170 70
204 81
1703 54
64 23
2627 34
850 66
3811 36
2524 67
4052 93
1559 10
3384 16
4064 10
3857 70
3619 58
3920 53
3494 46
905 44
3433 43
3337 97
1332 63
1570 13
3026 36
33 93
3246 54
1356 40
3476 11
1214 46
2150 5
4072 15
1578 95
2895 50
3136 44
1562 64
2396 70
2154 50
1688 13
3768 15
2237 29
3888 84
2426 40
1079 56
2830 20
2508 96
36 24
3935 100
2980 86
3773 97
3015 87
2998 71
2282 8
1312 96
2106 10
3672 31
3129 64
2675 39
198 89
2937 76
2129 3
3386 6
3439 22
3839 82
3019 8
3885 81
95 61
512 79
1537 35
3722 14
2162 50
2075 75
1739 29
1162 64
3565 98
348 53
2242 8
1968 73
3742 20
2917 69
3999 2
3528 45
2880 12
110 23
3873 51
1505 81
714 25
2458 45
845 53
2715 60
2155 43
2296 71
4064 34
2570 88
1496 60
3802 44
3791 67
4027 37
1259 84
1370 73
307 1
4014 58
2556 62
270 71
106 65
2315 75
2972 4
1794 10
3117 64
3609 25
3186 33
2361 85
1374 48
2066 86
1817 100
165 71
3435 83
327 15
2385 37
2074 96
1662 43
3846 83
3191 54
3530 7
3817 17
681 75
3273 45
1241 27
3341 28
4016 59
2179 52
2960 6
3733 70
735 33
2950 75
2511 2
957 67
238 18
3851 28
2252 62
107 72
981 12
4026 54
1632 30
3286 73
896 91
974 7
285 41
1336 72
810 9
2931 10
3848 58
2946 71
1461 13
3926 6
2075 75
120 45
206 64
3308 41
2673 93
604 61
2758 58
1692 26
2318 63
629 29
3179 76
3046 17
297 27
3625 63
3961 90
2997 13
957 87
3046 48
1315 88
901 6
4084 62
2384 33
3648 15
2784 34
2771 80
1804 24
3290 43
1889 91
3070 77
3673 40
3212 75
529 81
2968 66
3285 42
972 40
518 99
387 80
1635 60
3355 84
693 90
3968 31
2021 8
915 92
3505 19
4017 97
544 34
4010 38
1165 30
3176 91
1196 1
474 64
2328 20
1585 31
200 56
1946 61
1294 66
3852 59
3296 51
794 85
3360 91
3562 16
3524 12
643 94
1935 89
3488 53
3333 98
3776 21
3819 97
1819 27
599 45
866 67
3691 62
3589 94
3704 17
4004 84
351 92
3017 6
18 67
1580 97
2307 9
508 17
3321 60
1163 90
1564 54
999 94
2136 10
1011 46
1968 50
2118 45
2332 96
1147 99
3102 99
3680 39
917 46
2617 33
67 34
703 77
447 15
1401 62
3747 60
13 48
2942 95
510 28
722 79
2837 87
1027 68
2221 65
4034 97
575 42
2340 14
1362 7
4060 88
2013 62
1234 58
2807 83
2058 33
958 91
3771 30
899 40
1658 34
3635 92
2841 47
2074 31
3384 37
329 83
191 95
3011 1
3889 59
4 9
323 43
1770 33
2080 47
440 29
85 96
3449 74
493 57
1682 27
1999 2
1328 1
1385 81
1591 70
3604 28
3842 86
120 24
986 99
2550 56
924 88
961 80
1112 92
3280 98
337 86
448 56
86 94
1204 1
1769 34
1426 98
3664 56
1427 7
3588 43
2085 96
3477 31
2709 7
3302 88
533 87
3539 6
2957 60
4070 37
3237 37
3074 97
899 17
666 11
1750 53
3362 31
735 34
3693 28
3785 36
650 48
1455 93
1753 67
3063 29
1270 86
627 94
2869 74
2482 29
3338 45
2182 51
1572 28
1892 44
423 63
3127 76
874 79
1474 61
3819 86
2722 68
2438 91
3508 42
835 73
3690 52
2079 99
3409 73
2101 90
372 82
2820 4
415 28
742 48
3544 14
1587 16
1883 76
1224 32
1817 98
1482 40
2715 79
337 12
3594 51
3320 88
1753 45
768 43
2879 19
3833 39
1153 29
4049 30
2120 39
917 92
1778 98
1469 85
2791 18
3673 38
2201 30
1888 9
1268 8
3599 100
3922 72
315 62
2958 38
2435 20
802 14
3616 47
2198 84
754 84
2742 13
930 5
3736 88
1799 39
835 72
963 94
3817 77
589 93
1977 58
2970 51
1029 71
2296 76
3038 3
2796 45
1180 40
2804 34
173 47
657 3
3909 36
613 82
1303 2
975 60
3001 80
1120 98
1240 83
2913 38
3808 5
3486 82
2068 13
3587 62
569 44
2431 73
4093 68
1549 4
3695 4
2267 37
2566 41
851 87
1330 59
357 87
2491 33
239 18
1725 64
1076 98
1575 10
3432 45
1971 43
2348 87
2437 83
2041 74
3060 83
1886 1
1835 51
1568 13
1886 83
1843 88
3381 72
3847 11
709 67
2647 75
3648 9
3570 71
3233 9
257 98
78 72
335 87
527 57
3279 34
1048 74
3465 36
3987 56
388 61
891 100
1036 79
2566 100
2785 10
1019 4
4015 55
113 3
729 38
2080 45
1703 8
1425 17
2375 8
2666 57
3277 45
654 12
2650 46
1191 13
1957 17
3480 85
214 2
3756 5
1853 49
388 11
1135 30
2287 69
3618 47
350 45
2796 50
965 37
2526 30
3720 84
1368 83
2234 17
3608 85
2384 38
1695 11
1384 56
2454 13
2650 84
3635 48
2034 83
1528 3
93 80
277 55
3691 49
88 77
2488 25
3443 82
2011 73
906 58
1585 76
351 57
1 54
3446 87
3442 64
3564 20
477 94
1625 70
2998 72
2259 68
3284 100
3417 25
2770 30
3730 61
2072 82
4046 67
527 9
3544 94
2182 35
3954 62
3004 11
1193 45
897 43
2196 36
3390 36
1409 59
2445 24
2184 10
755 26
2696 75
3399 55
2434 54
1112 47
3941 87
209 10
2302 43
442 11
2348 36
3239 72
2449 28
979 91
3793 83
1367 58
1586 52
3281 75
928 5
123 70
728 60
2090 50
4066 94
983 60
2154 61
3255 77
3248 75
359 61
416 49
2170 51
2073 7
3535 68
2301 99
1395 45
2645 91
3341 39
1314 92
1183 60
489 80
69 95
1480 57
2866 24
1890 14
11 36
3392 34
2648 23
385 24
458 87
1601 21
1315 17
2137 35
1101 91
373 50
824 40
2806 38
2368 24
320 49
2944 62
1564 52
2453 80
944 42
2522 54
1968 12
2475 33
2575 7
727 12
2129 41
2076 77
1008 100
475 32
129 11
748 57
2154 91
1891 84
1734 62
3661 7
1134 45
1087 69
2407 22
3719 44
329 7
3164 75
486 1
2081 10
509 6
1951 59
35 57
1040 19
2492 69
2779 82
3268 42
3077 79
2741 26
3704 91
995 89
9 86
531 94
3512 19
3839 54
595 35
649 7
2444 15
2986 26
1136 14
3991 73
4090 9
3714 81
162 26
3625 84
1596 100
2417 50
1030 84
2674 67
992 95
3504 91
1948 79
3305 20
3026 46
2060 84
3489 50
2290 2
838 9
2038 30
2995 53
3895 20
64 70
3639 96
2307 89
1532 33
3019 63
3883 44
4013 82
1856 100
1126 89
2276 26
3964 23
1788 31
2857 3
3526 85
2167 13
468 93
975 89
3944 10
763 50
453 72
2411 42
780 48
2002 7
504 38
2187 96
3390 22
496 25
499 7
1601 14
1330 8
1303 24
4073 96
1197 79
2600 97
3089 29
99 54
2346 18
4040 47
3077 25
3237 11
585 23
766 59
3884 60
1074 37
3936 4
2716 29
2139 90
2003 77
1762 84
1896 95
2961 86
1150 14
3648 88
1251 42
3751 60
2858 26
1298 100
2343 43
518 5
2740 9
3902 58
3747 34
2423 66
3939 94
659 61
3291 73
3169 27
183 71
3983 42
2805 26
2657 81
3282 15
2843 51
3167 62
1822 86
3949 47
3259 32
2002 84
2023 61
3969 42
1092 67
813 46
1519 28
2439 88
3780 91
1708 13
1272 30
1440 23
1938 21
1059 70
193 31
357 50
2753 68
4075 23
1044 33
3468 100
3871 32
3922 2
3761 20
392 17
1318 8
2970 66
1702 47
2845 89
75 51
619 66
1569 95
584 81
3788 60
2707 32
1418 15
3182 53
1677 30
50 5
2105 81
3908 23
1831 53
473 67
1578 51
1011 8
322 89
499 30
3213 58
348 81
3485 74
214 54
2055 41
976 54
706 43
4090 37
2325 100
153 41
865 15
707 39
670 56
2785 51
3026 29
378 41
1899 63
3194 12
1501 10
111 28
1526 19
167 86
1712 72
1584 15
4040 82
3430 91
3364 9
2281 96
2724 90
851 19
618 71
46 69
22 92
2588 4
2098 31
2319 5
2307 75
3355 64
3165 1
2357 30
1495 40
3238 98
1182 46
2329 25
4077 7
2750 97
493 96
3816 35
1613 16
3094 78
1596 43
1893 8
196 93
1892 73
3165 95
1371 64
2005 83
2210 82
625 23
472 22
435 10
3116 41
2410 31
2879 26
2009 65
558 93
3707 31
859 2
2044 23
2426 81
230 62
2589 21
41 32
2816 6
1448 5
2938 71
1734 7
1870 92
3464 29
930 23
1469 64
959 2
2565 62
662 55
954 1
3046 20
3947 30
784 36
354 16
3090 26
196 34
319 29
2627 80
2541 67
3893 25
2510 22
3431 34
467 13
2463 30
1253 80
2328 23
4088 71
743 75
2271 21
959 30
3133 95
448 40
606 67
3849 57
734 68
2686 22
3308 90
431 100
195 17
1698 14
2752 43
416 55
953 58
177 77
3215 90
3146 72
2709 83
3375 81
2339 17
3410 23
3881 80
2751 74
978 87
2737 71
3067 44
1564 66
3211 44
2226 73
528 4
744 16
2935 43
75 12
1405 67
1241 63
950 44
3982 29
2420 25
3927 80
1516 82
306 43
9 57
129 96
650 25
3082 21
2883 70
2566 64
2236 53
824 84
1618 13
4034 85
3417 26
1647 49
3524 56
2085 21
3030 11
3910 94
3406 33
2940 97
1205 19
1490 50
638 87
935 64
1126 64
1537 48
2751 34
1509 3
3171 47
141 56
2312 97
3867 51
998 43
638 52
3329 51
1573 31
1887 6
155 69
2952 49
3876 70
325 27
1232 44
1987 92
702 54
1647 46
2897 46
3928 2
2325 99
2305 2
2008 74
1040 62
2631 54
1681 1
84 70
2159 60
41 93
1533 81
4086 34
3059 8
2338 32
1478 87
1865 31
2217 70
26 72
3994 80
3804 66
2381 49
3615 50
2226 23
2802 74
1657 73
1859 55
3510 45
1905 84
2605 77
3596 73
625 81
1847 80
502 31
3526 94
2140 31
1638 58
1907 83
832 32
3649 49
3913 80
456 87
1517 30
135 44
2322 29
1332 76
224 28
306 1
1927 70
2842 75
1882 66
3610 93
228 81
2413 27
1706 29
964 67
3554 5
3342 22
2730 96
1204 49
1677 97
2912 2
121 45
677 18
201 1
1098 40
3815 42
2272 25
1758 81
3872 85
281 34
2110 86
3509 9
1035 48
3695 42
2618 7
894 59
3721 17
2519 68
409 26
193 80
2587 43
3526 10
3338 10
1737 75
1660 31
1319 82
133 6
2599 12
521 57
3308 73
3493 85
3966 34
2331 14
2500 29
2656 43
3276 39
1096 35
2255 24
1256 69
3863 82
1460 75
1158 15
71 77
3910 17
2121 31
1438 95
2832 80
3607 100
4086 29
3259 69
2377 11
3676 82
1194 3
2004 21
3982 5
3920 43
389 92
291 6
2558 72
3352 72
3055 9
3516 96
1525 57
2582 2
1434 34
488 80
3131 8
3962 26
428 11
1730 21
2219 31
1894 100
4004 95
1127 60
2748 39
3628 78
2476 67
3789 78
1562 40
2342 79
2926 18
169 52
1863 52
2984 23
2273 50
995 7
935 94
947 94
3467 6
1350 89
3003 12
3055 96
1835 13
3490 83
771 1
490 89
2244 44
3337 83
693 10
66 85
2047 11
2519 96
1771 67
3450 54
2220 18
3850 5
440 65
2219 34
1529 74
2505 81
3229 48
3975 69
3336 21
40 19
1299 24
3272 5
1731 85
1970 47
1547 95
916 93
2872 88
1203 46
3547 63
1885 51
1244 99
3930 41
1251 24
2510 94
3472 47
936 79
4017 39
3021 79
302 55
2694 55
3402 75
2921 63
3230 28
2959 98
3483 4
2301 88
1040 18
501 90
4096 53
3150 46
1108 85
2506 39
2792 30
829 69
2315 75
3759 23
2115 24
1402 30
273 49
1305 38
1926 50
1503 63
996 33
3415 22
3290 95
2791 96
3895 62
780 73
1812 69
2911 35
2979 56
1531 53
1003 59
3778 78
729 26
1701 100
3539 18
2803 100
685 73
2106 24
2470 43
3311 83
2471 61
738 62
1302 86
2487 36
283 44
778 98
2352 35
3322 68
559 87
977 94
1051 98
2908 37
424 97
2820 30
382 63
3806 24
1067 89
1633 38
4011 64
3910 34
1806 6
2423 14
1944 54
346 21
2794 63
2347 78
1598 37
1595 40
211 37
3108 46
1552 79
1929 99
1153 40
1576 69
2970 4
2070 63
1036 19
910 66
8 28
853 25
1580 24
2900 14
3318 79
1676 56
3443 65
2739 21
3874 40
1339 86
2982 20
1475 42
1730 68
783 86
3566 95
3068 37
1600 12
1915 48
241 23
3772 53
1842 78
1201 68
1611 25
2231 28
1353 75
587 24
2394 41
1527 89
931 69
3108 79
2266 9
124 80
2927 79
3297 26
3279 16
1638 97
2663 87
2252 24
3289 99
3324 9
2395 12
3548 66
2841 3
2709 3
3536 42
3838 72
2130 50
263 49
2932 27
1121 94
80 85
2526 62
1361 72
3784 34
2354 65
2286 100
2764 75
570 20
2016 73
2830 30
2280 4
595 84
2518 13
208 8
3899 78
3541 47
1769 87
683 19
2730 13
3157 4
2027 54
4032 88
1795 81
52 43
1453 42
2425 7
3314 52
2553 86
1899 69
791 62
2226 37
3890 9
3581 74
2984 13
1109 67
1015 61
1204 93
1256 87
957 34
2467 68
1728 51
3369 64
3219 68
568 36
1007 26
1791 68
460 86
2780 94
1259 99
3460 80
1076 92
2727 85
1653 100
257 59
1575 47
3359 51
2137 24
1756 62
3285 61
2388 63
1941 84
1061 2
2283 4
304 28
2185 49
2436 17
1936 73
451 3
2600 92
355 36
3950 40
1562 4
292 38
1236 5
3181 58
4002 74
126 26
3109 62
2959 94
2726 45
1564 66
2348 37
2527 10
3062 48
2161 88
797 19
976 12
1447 19
1489 28
785 23
2923 29
1086 96
2151 78
496 83
1314 62
2388 19
153 56
168 25
3088 69
2336 69
855 73
661 22
2860 49
621 35
2847 31
2542 64
1689 26
2056 27
1116 68
1006 27
1618 6
593 37
979 59
3577 68
717 100
3852 54
3865 6
1208 61
1249 28
570 65
1541 65
2245 19
1131 56
1482 75
1575 8
3821 70
2788 90
2207 33
1629 10
1698 1
1730 30
3287 69
4013 74
1625 25
2712 91
3694 98
3548 36
954 56
853 39
2846 58
1046 1
835 27
3644 86
1913 67
2768 100
3633 63
886 36
2265 47
278 31
3218 63
1213 13
481 33
3451 82
2604 29
675 98
1381 54
3862 7
3311 48
4046 3
2250 52
3745 72
247 98
4008 30
1994 88
375 49
1674 28
3353 17
3370 33
3120 32
641 80
1979 18
2052 5
3556 27
3441 59
3710 1
3789 54
2529 41
1897 46
412 43
1361 35
4089 16
3653 69
2900 39
4 71
118 61
814 54
1508 56
2258 27
3368 41
928 81
3217 79
763 12
3242 51
2441 90
2342 63
1394 100
2622 18
111 11
2195 38
2946 63
2002 70
206 66
1234 66
3459 12
2857 66
56 44
3505 24
1040 95
2762 57
3107 32
2636 45
2595 63
1430 100
2409 1
3030 9
1269 73
3159 85
3931 51
53 99
3456 94
1992 51
1752 93
3645 21
214 75
922 90
3755 75
1410 76
1913 90
3065 53
654 75
326 56
2874 91
707 79
2166 76
514 22
131 17
3335 36
52 42
859 53
1480 94
1617 72
920 15
514 53
1777 22
948 44
2643 8
3068 97
3379 57
2574 27
3988 49
673 14
219 54
2290 54
2714 51
317 49
3258 56
3656 3
1090 10
1872 32
3713 9
3077 67
3638 11
1481 14
1430 76
1719 100
2604 86
1606 56
1203 25
3554 54
334 18
3427 53
2323 96
257 97
283 68
3585 74
3057 95
1738 46
2355 30
666 35
3290 9
251 30
689 45
23 26
731 91
2228 98
88 44
3358 64
593 74
690 65
348 61
1778 52
2266 64
62 94
2120 11
202 68
47 22
902 71
3651 17
414 33
1848 31
3202 30
445 51
1204 74
164 25
2466 46
2552 3
3075 19
1131 55
2031 84
3949 77
2226 54
1685 21
105 58
3329 33
1510 11
1338 38
270 38
1449 77
93 60
3160 54
1647 92
3432 12
3118 14
2994 77
1110 79
4046 85
555 87
2269 100
2526 63
3905 73
2032 12
3950 75
547 74
109 58
3201 59
1397 89
3929 10
1573 31
1705 97
2523 54
550 30
1165 48
1056 65
1176 96
1732 61
2279 47
2838 91
4071 89
2498 86
1031 61
394 95
2236 10
237 1
1602 34
1061 86
1874 93
394 41
3074 48
3116 6
2848 12
3797 39
624 84
3936 47
3100 6
2802 81
309 85
1649 61
3737 32
2945 28
2122 31
2336 20
1121 40
3 3
2039 56
2740 28
3909 26
483 92
2506 49
2540 76
2823 20
385 45
2705 60
3112 34
79 4
3841 30
2375 38
2160 16
1214 6
3831 78
656 31
2096 73
2261 94
3541 27
3802 43
3376 34
1912 61
3532 11
637 32
955 51
2684 98
604 22
3212 9
95 22
110 81
496 81
1051 57
3399 51
897 87
2113 66
2695 78
494 77
3293 27
3715 21
478 36
2757 89
1497 69
1156 68
3053 21
512 27
490 52
1717 2
3139 74
1983 66
3339 6
1358 30
1501 9
2704 42
1544 2
1682 77
1559 63
1503 56
343 62
377 95
3546 8
3958 50
2127 92
772 50
345 63
2376 1
1809 78
257 29
1701 55
3696 96
3135 42
1586 35
2339 58
667 13
3356 2
3291 26
1627 53
1791 81
3559 7
1141 29
3444 75
1486 6
2655 49
2620 73
1802 88
3760 56
65 65
3321 76
2601 37
2713 95
3631 81
2813 89
2564 42
2526 92
1883 39
2186 73
1543 16
1544 35
3037 63
1275 95
2191 96
1818 93
3088 51
1688 88
2160 67
2687 68
2920 64
356 66
3281 57
2765 76
633 82
908 34
847 48
3457 37
181 56
219 25
1769 13
296 78
3809 98
3668 36
3980 80
2282 86
1390 90
1219 40
3732 50
3912 4
1420 78
1877 91
1569 18
2529 45
2929 7
309 75
3442 90
756 91
1771 91
2216 38
712 17
2751 60
3990 64
3591 1
92 29
3653 62
2752 65
372 43
3354 3
1392 92
3934 63
584 68
329 78
4010 24
2928 16
2344 66
769 73
267 94
1185 78
2597 24
2585 42
19 3
3674 32
3505 58
3259 99
3082 63
1493 29
1422 56
1577 27
1406 46
2473 50
1728 43
2658 41
938 75
4068 23
5 52
1236 1
3698 37
966 75
551 67
1848 83
896 41
4066 45
1811 78
2386 27
2441 35
1511 60
3556 85
2235 6
1232 14
3367 61
2746 72
2753 94
2459 61
2876 73
2494 71
2376 52
177 31
1650 77
3682 9
3745 82
2384 35
1635 62
280 42
1404 54
1043 52
3520 65
2555 53
1364 23
2262 9
1165 76
3105 96
2746 43
2510 94
40 69
3410 19
3971 81
567 31
1613 65
35 26
1799 30
2976 30
539 92
1457 13
2366 37
1825 53
2204 92
1148 83
2260 55
3433 36
3401 61
565 49
1733 76
431 60
2379 49
2541 27
3403 17
3336 99
484 10
884 75
107 51
3544 49
1228 68
3969 30
2638 57
3190 48
2080 16
613 62
224 15
2571 69
2415 82
4035 2
3581 54
2038 98
1412 43
3955 41
1786 12
2202 24
3489 50
2151 66
974 4
1307 72
