229 4
564 32
458 18
210 87
179 76
865 5
62 12
448 30
55 72
408 92
860 29
920 76
570 1
327 90
866 44
570 20
441 98
690 14
190 49
199 46
705 78
542 6
941 69
256 49
162 71
601 81
741 74
394 91
143 6
467 99
593 11
477 13
779 36
929 82
748 21
759 46
430 86
547 90
147 78
351 69
502 21
947 49
553 82
450 88
665 99
115 30
66 41
822 35
136 28
645 28
1023 51
940 19
543 18
506 96
539 96
878 75
818 47
450 18
1011 12
97 15
314 81
328 88
865 77
131 50
782 77
959 68
515 71
24 88
235 88
547 99
697 15
602 56
324 59
7 93
540 65
366 65
218 81
612 82
408 20
766 98
331 70
2 77
664 63
40 15
744 40
491 8
494 73
162 11
996 9
258 17
974 71
339 34
867 28
412 92
639 52
765 57
925 16
508 29
132 44
44 76
472 76
452 1
146 91
121 30
139 5
677 10
488 36
995 28
271 93
969 32
969 53
390 13
199 85
883 46
868 53
957 94
111 87
202 8
825 94
695 14
510 25
390 69
919 18
865 24
571 60
512 10
908 71
201 7
31 12
485 22
833 63
986 28
822 8
338 49
5 50
544 59
585 55
997 20
389 38
446 8
125 96
643 8
103 75
977 65
323 8
165 24
141 77
140 87
482 52
246 73
505 75
82 80
168 54
648 34
419 86
644 31
544 51
269 86
615 59
648 97
149 2
939 80
205 10
437 65
544 17
715 9
501 48
584 21
898 70
620 79
17 86
614 85
213 18
542 15
220 96
319 35
578 78
432 92
703 27
541 65
1001 33
105 12
868 36
91 1
684 99
268 82
537 21
905 71
876 72
20 15
155 89
306 70
74 48
304 56
262 6
632 47
82 46
431 88
512 86
211 46
833 80
317 31
333 23
845 4
368 95
681 53
509 35
327 90
222 49
80 61
456 26
943 45
626 30
457 4
396 52
673 36
143 99
572 45
819 87
679 4
237 34
366 75
544 5
223 77
890 45
643 56
237 50
390 33
91 91
894 1
404 47
884 9
677 80
643 85
256 93
616 65
634 86
837 42
825 90
606 71
261 25
862 86
777 87
357 79
617 52
1 39
588 27
881 75
660 60
905 57
438 66
970 95
348 85
174 37
687 12
482 87
636 29
408 19
51 6
502 61
150 59
849 81
399 92
787 64
819 32
303 84
12 97
219 100
871 29
361 90
952 7
511 16
935 18
952 86
650 97
907 79
874 71
914 21
973 58
531 97
507 82
568 99
993 81
490 36
901 10
586 31
557 43
655 70
166 18
309 30
785 89
313 91
439 9
850 53
678 70
955 54
128 27
861 50
41 98
780 62
13 46
612 97
799 54
452 63
450 35
893 63
60 50
689 86
829 93
339 60
262 80
56 51
56 11
878 18
946 24
103 34
777 42
434 59
670 44
777 36
864 33
168 61
40 96
107 45
460 84
141 100
83 97
64 32
409 3
313 31
259 61
235 73
447 60
525 99
756 22
235 100
336 40
222 75
53 40
769 51
407 10
498 14
618 88
248 73
85 45
878 85
759 9
699 2
861 63
217 56
742 82
942 91
314 56
361 94
554 79
991 60
893 94
550 42
503 12
572 58
500 97
952 73
777 44
59 64
666 24
999 28
727 34
698 36
566 72
21 67
392 11
495 93
833 63
493 89
976 83
1006 58
36 12
603 29
829 89
499 40
756 61
705 55
678 46
930 35
628 33
473 16
395 41
245 96
380 25
444 95
992 36
580 13
398 38
466 47
368 39
29 91
260 36
94 7
599 90
259 82
1006 14
26 74
583 61
981 57
698 24
106 33
979 15
134 52
1008 10
110 20
306 73
623 11
509 16
853 78
463 100
780 58
907 39
879 40
124 79
204 98
426 81
433 34
167 21
492 23
154 21
6 53
923 89
963 38
67 30
591 91
580 90
930 10
479 34
406 55
236 70
461 83
306 35
292 10
123 22
630 77
592 57
255 60
623 90
825 35
1012 57
165 77
82 56
661 78
513 4
188 30
43 98
552 74
83 98
359 61
906 36
372 75
893 82
1008 12
963 45
837 43
658 86
215 21
676 53
1015 37
821 98
76 59
181 41
517 42
238 99
828 66
3 85
947 53
112 25
741 80
1021 81
906 98
106 27
547 71
269 37
898 90
993 16
60 81
491 91
325 40
29 71
836 12
461 15
946 16
316 64
598 66
560 54
989 61
500 59
297 50
391 77
280 9
566 99
850 44
548 1
580 93
