1910 47
3251 59
908 65
3284 6
2812 51
2105 76
524 9
4004 97
3328 75
220 80
1649 89
2446 45
3375 81
1786 66
548 88
319 32
2109 25
1811 100
1275 3
3387 3
823 45
1495 43
4065 64
3235 3
2423 32
2759 25
3218 86
999 38
618 68
2185 47
744 66
3503 59
2063 36
1949 43
1094 83
1346 61
3445 20
2271 1
2246 35
1587 31
3754 50
400 86
2317 81
743 87
438 33
630 26
1873 96
1040 22
2671 30
2559 27
3319 83
1960 52
1988 17
3173 78
2272 52
4079 67
842 97
2529 68
2980 47
1522 18
700 82
715 60
1368 55
3136 80
351 35
4046 66
2771 83
2176 11
3623 70
2001 87
2653 37
3684 87
3199 71
2719 55
2563 99
1540 12
2999 19
2041 39
2603 3
188 92
1143 54
2799 89
1467 24
1453 48
1039 44
2053 24
1687 34
1729 88
3886 49
3436 90
2848 94
1168 72
2383 70
3201 61
2591 16
1219 99
2810 20
4047 55
2571 61
543 40
2609 84
1392 18
1882 90
1155 10
3065 43
2063 37
3819 6
2917 83
3036 53
1110 29
120 91
769 98
3531 95
407 16
3618 81
2834 46
1419 73
3524 80
1431 45
2956 5
3284 40
193 83
563 64
508 91
2597 3
1643 17
2564 86
2465 82
2743 38
2250 9
63 66
2649 85
2392 23
1374 84
3582 18
2521 21
2388 99
769 71
277 59
1697 46
3103 19
668 16
1440 47
2338 11
3396 84
3793 94
1695 62
3141 94
1894 55
713 82
2632 65
200 9
3648 89
448 2
1416 92
3976 59
3364 72
3344 38
7 45
3294 77
2587 84
741 48
951 73
3458 85
43 97
3055 17
913 45
2901 34
774 37
3839 16
4091 86
2167 39
207 55
678 78
2864 15
1173 79
2959 41
4028 1
4016 18
768 73
2916 13
1544 17
780 5
1005 60
360 43
928 53
2090 46
3204 46
1841 7
1436 42
3121 16
4 18
2153 48
3889 25
630 84
305 39
3259 9
2384 13
3313 15
1283 45
1086 19
1540 26
336 91
3467 58
1521 41
1606 50
2612 66
52 52
127 28
3045 82
3405 92
501 98
3860 2
3844 84
3535 84
659 73
1147 8
2982 7
594 86
3798 7
841 25
212 91
1487 19
2550 32
2054 4
771 100
2715 97
897 71
1226 3
2660 16
1294 24
437 95
2433 96
3627 10
2394 96
3684 57
2432 16
2752 3
3092 87
3105 49
2456 27
638 52
3011 46
3224 45
134 64
2686 52
3989 91
4031 29
665 80
2389 33
2690 72
2120 41
3526 1
340 88
494 19
847 69
137 91
1501 8
3702 59
300 53
2825 33
629 43
3296 70
2235 72
2259 11
1140 85
2393 100
1429 67
2134 6
396 9
2413 14
1133 92
3328 23
2197 14
2522 2
873 66
325 20
1437 14
975 46
79 85
347 49
1627 19
2304 51
3749 4
2799 75
2824 48
3539 96
2261 72
1798 49
2406 76
2386 87
2004 3
3297 65
2729 96
3837 49
3498 13
2973 51
1636 47
777 5
3331 53
851 2
184 76
752 87
153 56
814 2
912 64
971 69
2054 67
377 42
854 56
3322 48
769 100
470 15
2454 97
3809 65
2790 40
2376 44
868 88
3010 6
235 12
2424 35
3218 92
1044 98
3336 95
4026 57
2478 14
484 50
1893 49
259 80
2619 14
3972 32
1252 31
609 89
2558 66
839 18
3220 51
4088 100
2892 67
1528 31
3815 8
1939 28
2325 27
1933 68
1646 55
2117 59
1369 60
929 35
356 78
1680 32
1073 40
2034 1
960 51
767 67
5 100
1678 47
3248 8
725 93
3787 68
4048 75
2320 76
2059 39
3835 88
169 63
1267 57
3789 19
1748 81
3277 35
1678 28
1262 91
3649 16
3353 21
519 63
3339 88
2814 49
3092 37
2322 28
2752 98
434 73
1395 75
2888 98
2929 83
293 25
3584 92
647 95
4078 67
663 78
1293 75
758 35
2648 80
3679 92
1509 49
1740 45
229 86
3065 17
2055 98
2892 87
1528 38
288 23
2917 88
170 83
2550 16
2346 42
2859 32
3810 65
969 1
1797 2
2968 2
2518 77
2970 46
1217 10
1586 91
2061 34
1047 66
2779 40
276 62
3938 78
707 21
2393 28
2753 91
2263 83
2146 24
3511 21
65 55
632 25
1420 97
1332 67
709 72
2797 80
942 35
3897 96
2109 34
3564 82
3032 88
749 86
3111 88
3735 69
3815 76
1423 58
3797 28
2063 46
2726 99
2208 13
1516 60
2160 61
263 53
1192 92
697 94
2841 63
2209 13
1708 19
391 19
3287 89
2068 84
2631 65
2098 43
380 88
509 21
3908 7
2231 65
3398 52
1466 56
1285 31
1746 72
1190 56
1578 76
2519 69
1412 14
2382 37
856 50
34 72
4024 29
1731 34
895 77
1339 37
1032 32
3051 24
965 78
2565 79
3879 83
2649 92
710 20
265 18
2800 8
2167 99
2626 88
3138 64
213 36
3441 43
2832 37
2802 57
3047 81
2120 45
226 37
391 17
1936 46
1962 75
2519 97
2430 78
3585 47
2863 3
1512 2
2346 30
8 55
3124 55
1057 91
2055 43
1083 37
1978 83
2723 49
1697 28
2490 77
2612 31
2216 15
1319 89
2322 54
1325 76
2110 82
266 11
1811 73
922 36
2919 76
884 21
2318 2
990 91
1340 90
2596 83
2784 31
3013 86
372 49
1309 23
2728 96
1688 35
1797 9
3263 86
3380 4
2980 98
178 11
151 69
603 24
794 52
1659 44
1893 68
3025 52
1651 99
3135 47
1068 44
3371 60
1369 55
1232 100
2686 99
3347 97
3158 18
124 94
2792 83
2397 80
182 20
2048 39
394 53
2579 96
3217 59
1758 66
19 23
503 54
381 48
2416 15
3206 48
2677 69
1282 80
3407 90
1261 70
3828 17
1943 95
1412 34
2008 80
2363 73
173 7
2979 73
667 68
1149 58
2234 22
2793 34
2667 65
2548 30
3222 58
3032 10
3543 14
192 40
2371 63
648 59
356 73
1424 34
1222 76
3625 25
2071 11
1592 18
2546 39
3063 33
3304 51
3588 72
1148 48
505 60
1104 81
2878 64
469 57
3384 55
2382 35
3678 76
2410 73
2239 77
2007 14
2131 24
2114 32
2302 67
3048 92
549 12
1629 66
2943 45
547 55
2447 80
870 43
2784 74
3796 98
1031 23
228 23
2052 62
2664 66
1485 23
3612 18
1902 97
923 64
1487 68
1257 68
4090 18
3589 9
3211 22
2 46
18 26
910 33
3744 25
3503 9
2298 40
3317 67
3739 1
1158 14
1592 91
1330 50
900 40
1916 1
3108 55
3261 55
3632 52
2292 36
1862 97
243 62
143 96
3943 74
1557 26
3094 91
114 17
4031 54
3521 14
1492 74
1435 32
1187 48
582 77
605 50
754 98
2892 40
1342 73
644 40
3889 74
1725 55
2371 83
1883 11
1249 3
2287 37
2222 7
662 51
3034 54
989 4
63 99
914 43
2029 41
2272 84
1425 76
1437 51
754 82
4056 47
1901 12
600 33
3206 3
3026 22
3462 93
2645 16
3224 47
2972 81
2012 88
63 7
3139 45
1872 58
260 7
3717 15
3772 61
1035 35
2161 64
263 97
2224 15
2035 63
3360 7
2258 55
4005 41
2044 83
1541 6
3894 8
3298 63
1269 2
3056 28
2723 65
928 89
3425 32
150 24
4088 32
1817 81
502 78
175 18
3973 24
473 78
248 76
2183 11
1466 28
3377 43
3695 27
3779 3
3209 41
1548 8
2707 19
3631 48
446 51
1347 22
3920 90
421 38
2491 85
1582 41
3779 19
2909 80
3891 32
778 41
2892 12
1127 52
3102 31
2938 86
1259 84
3463 15
2532 84
3361 72
2448 34
1412 82
286 28
3956 89
2160 81
3079 74
2108 15
2999 47
533 7
2201 37
3963 11
2136 43
2460 24
2627 42
2323 8
1785 87
450 28
2042 60
263 43
805 79
3121 52
2868 11
3539 11
1890 35
3733 26
2134 28
356 52
721 35
2421 45
1152 32
2985 30
1621 32
4093 37
2532 89
1331 73
693 53
2527 20
1597 59
841 97
2780 73
3093 19
752 5
3594 44
3745 94
2979 46
3583 6
1742 94
317 58
3228 3
2193 18
570 61
3418 57
2014 26
56 97
3420 9
3668 83
775 24
744 45
2672 15
3020 44
656 10
1558 19
2081 61
408 75
1936 14
669 52
2622 33
2255 17
3887 35
3997 28
2535 52
2517 25
2374 22
1349 11
3934 57
1287 49
2610 25
2702 27
156 12
2668 3
2955 94
3385 74
1744 73
1031 88
3071 62
1800 38
939 23
1264 58
1324 91
1994 95
611 77
1257 27
1842 38
2864 93
3933 93
3726 95
2506 83
1937 83
2884 9
2492 83
965 81
3332 86
2110 62
3021 82
2603 48
383 72
803 23
511 76
1248 44
159 51
1177 91
219 93
2770 4
1440 50
2563 58
81 79
10 25
393 30
3916 87
3245 39
2509 61
299 66
607 16
1095 53
1958 100
2801 98
2220 68
1629 6
1743 58
3512 98
171 17
4045 50
1210 11
19 85
2575 85
1894 11
3730 30
3304 24
2898 37
2663 72
161 65
1681 56
1716 98
3661 78
4036 74
482 42
3166 36
717 48
3877 69
3904 93
1588 5
3915 43
3437 38
818 19
2366 57
388 24
3048 29
1669 71
1206 29
553 66
1497 9
3145 73
658 31
535 5
1350 88
14 6
1632 58
3172 28
3472 77
2958 17
2179 58
1927 25
3108 42
2346 86
1027 76
2645 34
1538 95
1326 70
324 20
3568 7
1615 36
500 48
1517 69
1168 30
3166 70
1888 59
2096 5
2637 73
1895 1
2464 47
3945 89
386 46
1614 50
1795 13
1457 85
1127 52
859 72
3788 83
2283 18
2571 24
1688 41
2516 60
588 86
100 99
291 52
2580 24
1468 70
1903 23
3145 97
2138 35
1871 60
1508 13
463 6
98 11
2246 88
2927 26
1206 66
4023 61
3657 26
1414 55
2356 53
3280 97
2632 79
2800 24
4064 75
3715 48
3466 15
3723 61
3870 74
415 79
501 12
2613 13
3200 2
2628 26
3247 46
1367 86
1723 71
2580 36
3787 16
2339 8
3168 20
3931 13
540 16
1944 36
2726 91
1783 67
1414 90
3721 87
1187 25
1953 88
1465 32
2898 22
2854 35
1287 64
1356 30
39 27
1643 1
126 32
2228 36
3971 88
372 36
2290 51
4023 9
882 52
528 69
2193 58
681 1
2139 32
3048 89
1427 54
409 69
3056 5
2424 76
445 32
2416 21
3805 54
3619 86
3578 100
551 83
3382 37
1502 3
1459 49
991 44
2317 57
3626 73
3398 43
1910 31
2690 43
3659 51
2273 5
3916 78
1236 38
2100 79
3434 59
2207 64
3066 34
808 43
2722 78
859 31
451 14
2720 57
650 28
2265 33
2723 18
2865 78
793 53
1955 32
1412 76
237 91
2181 89
1480 15
1081 52
855 93
3919 24
84 72
2354 33
2616 91
182 1
3483 78
2332 60
2245 21
2725 35
2788 34
1076 69
1825 94
3053 79
293 44
1562 35
3944 23
2373 58
3388 76
1144 50
37 15
2975 54
1974 12
1049 99
1348 85
3830 97
2130 9
2831 94
2253 9
3928 14
134 16
2832 60
2168 2
3190 66
2339 23
2590 28
508 35
1484 5
883 6
3695 80
1694 13
3475 90
3117 85
1756 10
633 91
2410 7
3034 10
2659 85
1871 32
676 74
2881 63
1041 25
3868 71
1135 8
2937 17
2859 29
2487 29
1788 45
4075 64
299 79
1385 85
1722 37
1506 20
1294 97
2565 16
3093 26
2509 20
1588 15
2224 97
783 99
182 4
3318 73
2288 40
3009 17
3942 53
3180 57
206 71
1927 98
2632 14
3793 46
2460 86
3163 94
1397 43
3805 93
988 75
616 57
2995 77
246 72
2401 74
1146 31
907 1
2217 16
2314 45
1654 69
3477 89
3944 2
2146 64
928 84
272 72
891 9
553 21
469 13
2429 28
165 45
22 78
1233 59
2067 72
720 38
1875 15
193 23
1773 28
1404 58
454 82
1459 32
2717 13
2892 78
2425 72
2607 1
3558 89
962 96
2153 46
3549 83
3288 15
123 15
2493 75
2376 93
1463 45
2413 17
1509 68
423 30
1558 56
1050 15
3441 57
1410 60
1163 35
2495 56
1142 55
316 66
1462 68
3171 28
4010 63
2311 53
1496 74
3668 98
2725 96
1594 42
3890 56
3038 40
619 30
151 64
1864 49
1411 15
3995 46
1673 74
1820 31
1122 61
1865 34
1148 34
3784 74
2252 25
43 76
2977 97
2488 73
3102 57
1676 9
470 61
1129 71
3330 33
3664 60
3703 18
3717 69
1426 75
3346 89
1939 6
1046 15
2333 53
1666 39
1940 2
1517 82
3163 88
542 39
3633 48
2613 62
383 26
2369 11
925 35
2710 7
1838 75
3255 13
2250 50
1909 33
591 82
286 89
644 33
3321 85
1375 35
1374 59
3812 88
883 66
3261 70
2553 37
2161 36
1285 12
3013 47
1903 6
2150 30
2730 58
598 39
3894 79
1204 76
2927 47
2022 11
1575 69
3979 39
3383 90
3037 34
3885 72
786 39
64 63
771 100
243 78
2478 48
3788 58
1716 98
26 10
345 74
483 49
3465 80
1405 48
2954 40
634 26
2608 21
566 51
2462 70
2750 1
3324 17
849 45
3801 7
258 41
2247 61
3371 61
1675 54
215 53
2608 41
1182 32
2807 54
457 90
3781 27
2612 32
3228 25
2969 11
3805 49
3753 82
1229 28
309 58
1183 98
942 67
2006 28
120 10
732 46
563 53
1934 47
362 23
2539 67
2331 10
2007 99
1643 68
930 100
34 73
2430 52
1458 5
3885 27
1980 21
2171 79
1623 94
1094 38
608 79
3929 47
475 83
3110 95
669 91
2969 64
3460 10
1292 30
2174 20
623 97
3917 82
774 80
3002 84
681 73
427 16
1922 47
158 79
2125 74
1208 86
3217 84
2920 32
2496 43
3819 2
47 79
3369 55
1284 89
2367 96
2141 52
2275 58
2680 4
2281 82
1058 44
2521 6
626 56
3438 90
1659 39
3461 39
194 91
4011 30
2280 71
670 47
3190 98
3478 29
584 19
1744 28
1775 6
4067 66
1370 24
877 42
1663 54
3423 64
3303 50
3473 71
2007 77
3062 61
2726 99
3482 12
96 7
1596 12
2429 83
2907 20
58 41
832 72
1117 74
2992 44
1866 33
1726 49
824 70
3182 64
3968 4
3152 51
3215 67
1886 15
254 46
3274 15
3868 49
708 24
2668 32
3673 63
1616 57
2633 53
27 41
2510 80
2966 87
1730 90
1082 38
1260 54
4011 2
2294 56
1952 12
2871 54
2442 58
3386 42
1269 35
421 18
2506 99
835 40
3794 2
761 69
885 97
3817 88
991 69
2765 76
2209 39
3460 67
2955 38
3248 15
3623 58
2087 3
3598 80
3814 15
126 82
3003 48
4039 61
1386 4
115 78
799 6
2418 64
3492 17
2181 94
3487 81
1883 5
441 4
1028 60
1521 77
1807 3
3857 32
2479 54
2584 54
567 75
3500 91
3803 98
3346 77
3780 26
2631 53
3594 89
1886 62
1570 10
1650 31
983 62
1467 68
4018 60
2072 37
1688 40
984 4
3000 62
486 43
423 75
1453 13
3647 80
1570 49
3915 36
2758 31
1369 72
3286 59
1054 90
397 42
1184 23
872 97
3925 15
3908 6
2226 18
2289 6
8 49
660 64
1109 43
3696 87
660 4
725 74
2771 69
1915 6
1298 35
1948 22
1229 62
228 35
826 13
667 99
3459 73
604 81
2655 51
2478 62
3985 64
881 10
1632 43
1035 10
3407 29
1226 78
1953 40
3623 85
1463 38
1781 26
3001 17
804 96
1097 80
1639 73
2881 94
1232 20
218 15
3966 59
3630 99
1888 86
2988 11
1231 6
3712 28
2300 70
2702 77
931 24
2019 28
1042 78
1176 28
3908 96
2797 32
2349 9
3399 22
3239 82
2577 14
702 36
3423 98
3702 70
4083 33
1678 54
3146 100
3623 92
1233 74
2292 36
3995 61
1623 63
1297 27
3193 77
2498 62
1350 11
4005 10
46 64
630 13
1621 88
2279 55
3185 36
1427 34
2737 2
1461 78
1230 13
1532 54
2205 100
2151 99
363 25
1534 48
3020 47
174 58
1806 57
1282 67
1070 18
3012 29
2688 47
1165 28
2475 9
683 15
487 10
1431 30
292 34
2574 47
2614 49
1245 38
1852 19
778 48
153 73
1826 4
4070 79
312 7
2364 65
3844 3
641 89
2878 45
1672 36
2113 71
1647 19
3864 2
632 46
13 54
3795 41
432 46
3687 95
2429 19
995 23
3747 42
3408 41
2294 35
859 34
716 64
1550 42
4079 15
479 43
1262 47
1423 89
709 45
3895 94
73 40
1266 8
1599 62
3068 10
2259 28
2422 25
802 53
4043 16
1642 42
1422 14
3024 2
2815 82
1517 54
3322 89
1433 29
881 82
704 71
2928 98
37 74
1092 90
2214 35
1651 3
3436 9
3188 75
2768 22
1917 1
3904 61
649 37
2605 76
2171 64
1779 65
337 81
1902 67
2336 47
3103 96
763 80
3628 50
393 8
362 2
2768 16
685 82
1135 19
3670 24
564 55
2501 15
902 98
3375 45
3511 40
2882 83
2409 62
2768 33
2054 31
2641 53
3538 21
2439 66
4023 88
3493 33
3181 8
1840 78
578 56
401 65
2840 49
2730 32
1195 19
2412 55
1901 52
217 35
3605 42
2583 38
3431 32
3908 3
2489 19
2817 44
2545 74
1382 44
356 33
3942 16
802 61
3699 62
3389 55
2286 24
1810 93
3264 24
3886 90
659 14
1007 83
796 42
1640 37
972 91
1488 34
2679 24
3833 84
868 40
2914 13
1092 25
3737 54
2767 25
2418 91
2357 81
2537 38
1017 78
3793 95
2388 13
2534 16
1985 89
2294 39
1281 99
1694 90
2879 74
1193 39
1642 95
1655 39
1929 57
3988 33
3994 35
137 61
2982 91
3292 27
1154 40
1886 71
1098 58
4043 52
1900 7
2354 80
2598 17
1092 92
1128 39
4040 59
1279 62
3202 81
3682 53
856 11
3900 92
2924 93
2222 99
3329 34
1631 71
288 35
1341 19
3929 21
3775 2
3149 49
2255 46
636 83
3211 74
1548 56
1572 32
3027 5
3724 42
29 53
647 6
1742 76
1557 37
598 95
3432 89
1839 69
1109 4
2613 98
544 15
1130 53
3364 45
309 55
3156 86
3247 35
2236 69
575 41
266 28
1620 23
3765 17
3630 38
1294 32
3939 95
1072 94
1052 62
944 69
2727 24
2023 62
906 11
2753 70
2263 37
2803 14
2564 99
2369 81
653 48
581 68
3182 9
2458 86
608 56
2544 65
872 94
2015 35
3176 89
3393 69
1290 14
3439 93
2202 97
949 34
174 85
945 81
2404 6
1358 92
130 18
2971 28
2861 85
2847 85
333 42
1603 83
2999 65
15 32
2939 76
3058 37
2065 21
916 32
765 76
3458 77
2832 89
941 22
2013 2
2332 47
2231 95
2783 69
1921 48
2209 2
3545 52
1862 63
2141 98
3299 65
591 47
1513 32
820 50
2548 53
883 44
2329 14
2510 10
3073 97
331 85
2777 91
2723 74
1591 10
3271 14
3435 56
1842 79
2923 30
2671 77
2824 18
4044 95
3206 17
422 41
3930 63
3119 14
667 81
3330 91
101 1
2178 38
500 76
2589 33
3134 14
633 24
2493 71
2243 83
2086 55
3656 94
2567 15
107 90
1960 62
856 66
614 88
645 56
2742 31
1935 70
1112 45
1684 3
1408 62
1968 6
1604 56
3561 18
2510 18
1289 50
152 76
2686 35
2478 96
96 8
3244 4
1426 68
2076 29
1901 20
532 11
790 8
2 45
2358 34
2809 54
3685 49
847 16
2835 79
3685 24
3029 12
2014 61
199 76
2630 57
1051 67
1757 79
3162 20
706 58
4054 10
3691 50
3851 42
1488 74
1876 8
46 92
2995 73
1462 78
1219 91
4021 47
926 7
1224 60
734 38
1294 10
2499 34
2993 91
1246 25
359 79
2560 9
367 80
434 8
2172 90
2930 86
1143 12
814 17
1276 27
1440 26
1324 20
574 95
3962 85
2505 31
3551 15
2625 84
945 47
2893 61
1547 96
3523 52
2968 85
1550 20
3695 88
2121 18
3575 88
1450 61
3161 66
2364 68
715 27
2232 83
4046 25
809 94
1113 88
3591 64
729 69
2757 72
3941 46
2683 32
1293 26
1982 89
2272 30
1221 41
1065 7
880 47
3948 77
1146 38
2010 46
3097 32
3707 14
1397 2
688 20
3762 69
695 1
2956 51
2237 68
428 77
1318 63
1581 21
485 6
3150 94
3798 69
380 43
145 34
2441 19
895 43
2110 64
167 67
993 42
1566 81
1112 86
1018 95
3534 22
3122 89
1217 47
2622 39
2481 93
2627 20
1575 34
972 43
3775 99
2981 23
493 91
1810 22
3076 63
602 12
3027 33
1596 64
924 13
2742 31
3185 57
3514 14
2684 82
1535 27
263 19
847 96
305 30
1350 17
1440 94
1184 14
1107 42
1908 88
630 84
1289 71
2486 67
2722 53
2179 36
1352 3
1318 56
869 98
1741 4
424 74
3992 57
3108 63
1531 26
2745 83
1031 99
2841 27
3570 89
3677 18
2909 100
2101 85
3430 80
1364 34
302 61
666 21
532 42
311 2
3943 27
3699 51
2741 90
3259 22
853 73
1999 26
3893 37
3345 51
3254 92
1795 100
56 11
653 16
3468 77
581 54
415 75
354 92
721 71
1458 53
3692 96
364 86
807 50
1515 32
2036 78
599 43
3677 75
3057 52
3012 32
325 86
1308 38
2715 29
368 33
3396 11
3129 4
3575 86
174 19
1017 44
2479 27
4083 3
3181 28
394 55
3398 14
2443 18
324 34
2728 70
131 64
142 88
3387 57
2678 62
3780 77
2539 51
4066 21
2413 29
22 76
1420 16
3076 63
4038 36
715 87
2792 43
2500 15
3945 89
3194 17
311 8
3197 37
3566 16
1334 69
487 92
3264 25
2710 93
2058 62
192 66
768 43
3102 16
1372 84
209 99
733 52
881 14
2168 69
3377 9
1691 72
212 71
3025 26
783 93
825 42
2544 75
1552 53
3337 95
3637 65
544 89
2176 64
2853 68
4003 56
1734 55
2933 5
1860 42
321 81
2409 30
974 41
1215 38
674 13
583 100
3031 47
732 41
490 38
1639 7
3638 15
2932 48
2540 45
1738 95
2640 71
785 97
581 26
780 80
4051 28
1894 7
1407 70
2165 19
302 5
3507 7
378 30
105 4
374 77
60 37
2873 66
574 33
3986 94
689 46
2398 45
4033 17
2681 19
3966 67
838 89
2530 45
2453 97
249 31
236 19
1056 68
2374 59
1590 31
995 11
1391 86
1182 40
2968 85
3093 95
2026 2
3370 90
642 48
99 77
3766 70
1872 89
1845 70
1703 49
3712 47
3206 83
227 74
79 42
3762 87
3078 63
3725 85
3102 5
908 92
2875 29
2818 31
3289 82
3118 73
1592 63
2579 66
1495 2
542 11
2858 55
3046 57
1024 57
1826 95
3301 53
3297 73
3123 66
1280 3
1544 8
1035 29
1771 37
3617 56
703 100
1551 46
1843 95
473 85
1063 97
833 96
2781 83
1028 45
2010 58
3149 33
3834 83
148 70
3322 38
1136 28
877 8
1679 94
2362 73
1639 73
3119 32
841 94
144 39
2885 66
3747 15
3370 98
2909 9
2312 48
1064 74
4004 30
2042 59
3634 70
85 46
2726 70
2362 23
2668 54
2830 39
96 13
2813 99
1251 7
892 28
1117 52
4052 56
3388 19
3661 25
2128 94
2233 11
3660 16
2658 11
1686 11
1118 13
231 71
867 3
4035 38
1846 30
2195 15
321 86
3635 14
4050 5
3059 70
1206 94
3253 14
1709 59
3180 1
257 42
1522 90
3252 66
1958 77
953 33
3235 96
3775 93
2289 64
3564 11
1838 65
1624 55
1490 3
517 88
3894 25
2113 73
2884 49
3846 34
3111 88
2630 18
778 95
3843 55
3126 80
3386 54
1350 57
816 100
1602 95
1552 29
1014 30
793 52
2192 89
215 59
1080 33
897 15
2696 72
2146 11
2108 12
1844 36
1700 10
2880 89
2631 26
230 37
3983 58
3024 39
2437 98
1683 42
3174 49
1043 44
3649 94
303 26
3095 49
3688 2
1486 40
3964 2
3398 34
65 95
3441 62
1083 9
2929 56
1684 4
1476 31
2842 30
990 73
2945 5
2802 85
2971 32
366 8
2477 24
3084 72
1640 79
2545 22
1972 25
2284 22
3265 33
2527 49
3487 23
2249 10
437 32
4085 95
2212 92
2399 57
11 3
1600 62
1617 59
2293 13
10 14
2538 9
3038 15
2405 20
1630 95
3048 6
1903 5
4 70
301 44
4026 5
3712 13
3389 25
839 11
1644 39
2686 68
3667 60
3425 44
1856 57
561 9
3458 71
422 49
3733 14
1642 90
2868 8
3853 26
785 94
3993 60
2839 21
1439 66
3358 75
2655 70
1509 69
3785 86
697 40
2879 14
3254 65
4026 38
1492 63
27 40
4005 46
1785 97
3341 97
1634 35
3578 68
1672 40
1213 21
1766 65
325 26
2286 22
1782 43
1022 51
3985 64
699 34
475 22
3387 74
2718 22
3950 32
3474 80
1086 91
1812 81
406 31
2792 7
300 6
2865 100
3742 43
493 65
3311 76
1898 11
1280 33
2539 65
3264 4
209 31
2125 17
1670 91
794 79
3668 5
2093 97
268 42
510 26
779 63
2651 87
3354 38
810 10
406 21
525 7
3637 14
2956 73
2774 18
2436 69
3118 73
3402 22
3711 96
903 45
587 88
3535 46
949 48
1270 4
3202 80
3202 26
1975 72
230 5
467 51
4072 74
3093 84
1191 32
926 77
231 92
1197 64
3117 10
1811 3
1092 27
805 17
4083 68
2986 89
1684 25
1392 97
75 9
329 79
213 68
2584 28
902 10
3345 64
431 8
3806 89
686 38
532 10
3469 89
3791 100
4001 5
3232 10
3398 28
3138 42
3841 86
2612 25
579 97
1677 86
72 96
278 36
682 67
2429 28
2644 16
3347 42
1346 29
698 1
80 7
1283 9
3918 100
3573 51
3818 88
7 10
246 11
3411 25
2909 72
2822 3
3639 17
3079 15
3550 73
1763 82
3341 5
3565 93
1720 16
1064 29
2123 35
2033 9
1272 46
3370 13
1432 83
908 22
1554 17
2209 63
3773 71
3614 51
3021 23
3221 67
3444 25
2617 52
1909 4
700 5
1778 82
2595 10
2486 96
607 67
2124 9
2053 5
272 53
3580 35
733 36
2128 88
1704 18
1669 2
1953 40
526 41
1225 41
1722 25
406 47
1606 56
200 34
506 89
923 50
1973 57
2710 89
3956 21
1167 86
3087 3
532 49
1673 7
3072 15
610 41
824 19
3647 57
1241 68
3080 2
236 27
430 90
3882 62
2362 69
1583 70
2078 78
3778 31
2960 16
1120 98
3963 3
1112 25
2135 63
1243 99
1197 53
377 93
1023 93
1815 46
2022 9
4070 4
2455 64
2255 81
408 4
1233 5
977 35
1343 7
910 96
3796 12
3286 77
1564 89
3452 33
3569 35
1403 39
2970 86
539 7
348 80
1368 67
2668 35
2653 37
3378 7
241 34
1065 83
3391 14
2278 68
3833 95
25 73
3695 24
815 46
518 16
62 69
3562 82
3934 25
2067 69
477 41
1450 34
1586 28
3595 20
1103 56
3410 56
1617 79
2860 15
2958 1
1369 82
3254 45
368 13
3896 94
148 48
2642 80
1011 17
1117 86
1113 64
1048 84
679 95
1813 37
4000 40
1705 28
2525 54
335 88
303 40
2571 3
3776 73
2772 54
282 89
2940 82
1368 19
1710 76
2585 56
4090 40
584 87
2069 4
1329 48
561 81
740 13
3674 58
1229 93
1172 3
2456 35
1604 83
3032 87
1695 37
2824 86
3813 29
659 97
1090 18
4051 48
814 11
347 71
2007 25
1172 64
2067 53
3538 52
2881 72
1693 94
3475 49
1880 23
2169 41
2828 49
2212 78
2055 12
2394 23
1175 58
984 8
3665 69
1030 79
3697 17
999 43
3204 60
515 46
2147 69
2363 84
4093 1
2964 27
2143 58
2926 84
2753 25
3477 6
2205 48
3701 82
3219 48
3041 34
1608 14
1307 81
2649 57
2393 4
672 69
388 44
4086 57
1478 21
3480 26
1677 71
2528 80
2970 13
2202 4
1156 26
2543 10
2389 79
1002 37
3324 3
3775 27
1442 39
2513 74
830 62
253 79
4026 12
3729 12
1738 75
3461 27
3975 37
392 48
495 75
3936 97
140 95
652 19
3167 77
534 29
1989 78
2456 100
917 36
130 93
2340 10
961 29
2908 88
1584 31
938 60
26 33
1823 89
4026 21
2628 14
2006 8
1013 3
3641 63
2881 89
2829 52
373 41
829 14
2482 32
2002 42
2195 75
2567 48
435 84
2348 2
909 99
1447 59
2722 53
2674 27
1446 86
470 55
2388 71
1550 83
958 90
2901 81
1345 32
2095 40
3686 11
2587 96
1869 41
160 81
976 41
2807 42
594 12
3085 32
2489 90
3308 3
2492 22
1199 41
1848 4
325 47
3521 57
1107 43
1269 32
3791 74
1695 59
2784 1
3697 37
4012 14
1343 95
1083 31
1188 25
2687 71
214 27
652 20
1748 80
2662 64
1603 11
356 77
850 28
2251 33
3353 76
1916 28
3916 22
1766 4
3967 49
1289 65
661 29
1258 58
2707 77
3904 36
889 26
1993 73
3785 73
2247 45
1134 66
642 63
959 84
3066 78
2890 88
121 77
2526 29
814 70
323 1
3381 20
3704 11
705 76
3134 53
1176 41
708 61
73 26
3070 3
2013 89
2056 4
1193 44
3112 78
41 51
3158 67
2336 42
35 54
1545 23
2671 33
3453 100
2059 51
1236 68
3344 32
654 53
102 86
238 52
1787 75
2202 85
3227 26
1510 5
653 54
208 78
423 97
3683 38
2577 55
2018 8
1045 47
2978 29
3709 73
743 85
3150 94
3847 50
3379 36
1118 73
4033 20
3181 13
1420 45
1063 16
3405 69
2992 91
826 59
3314 64
3835 88
2066 58
3746 68
2602 97
112 27
2773 88
985 52
640 31
1908 7
1703 50
3385 61
3174 29
250 6
1785 59
3349 78
3266 68
1777 58
461 14
760 4
559 71
524 39
3804 7
2362 42
2510 15
3638 87
3910 67
3683 80
3257 36
3676 14
3464 78
3666 87
2824 14
1843 45
1941 6
808 54
274 23
515 28
2373 29
3249 30
1272 6
133 38
3377 72
2276 37
3055 75
1555 21
19 60
202 71
70 3
4074 98
3223 89
2470 68
3100 63
2949 23
3338 4
3111 26
665 79
1742 24
2826 2
2270 90
726 3
2729 7
2199 38
2411 67
2544 83
4086 9
2836 35
2747 32
2143 7
358 85
944 92
1828 32
2706 59
3237 69
2054 68
3044 72
3375 36
2906 67
1093 52
76 100
4045 3
144 88
3556 9
2253 70
151 48
55 64
590 96
2810 41
218 11
1518 27
4015 66
1195 71
2402 34
2480 95
917 28
1416 83
2063 41
2038 46
1177 91
4064 78
2615 12
766 32
1230 57
2472 80
2112 28
1034 33
3029 54
3590 28
1635 76
747 2
2529 1
1745 84
2847 20
1243 96
3763 92
509 15
77 4
1036 31
730 50
83 89
3259 2
3581 23
681 46
3546 84
1538 72
2241 70
1567 91
2813 1
2455 21
3551 91
1798 38
752 31
3016 59
1206 68
100 64
2596 75
3959 2
22 80
1556 49
102 89
1563 62
68 69
3332 49
1995 13
2144 45
413 70
112 37
2039 53
170 99
366 63
176 63
1867 19
3242 18
3580 87
3582 85
3660 76
2604 91
2257 55
3270 4
463 44
1142 78
2874 50
3583 3
1152 20
2569 57
1293 51
198 34
3310 64
3857 50
857 62
3418 45
631 43
2737 46
2392 96
3424 56
2063 42
628 37
608 8
1647 64
796 20
1022 3
3896 12
2030 74
1083 32
230 50
710 20
1432 9
2862 49
3095 12
541 41
1433 88
2345 72
806 8
3142 34
431 40
119 76
374 63
2264 93
1545 34
675 29
2159 58
2876 94
3780 35
2396 1
903 84
158 20
3496 53
337 81
3136 66
2624 11
2947 16
1164 91
1674 68
1329 34
1459 43
1832 52
1092 40
968 94
2513 33
2347 23
1151 49
3290 14
2478 63
2202 22
1010 16
3528 49
481 56
1222 45
1097 11
3967 25
3324 36
2824 35
1029 91
2757 7
3150 88
3246 73
3742 97
3658 13
2025 28
1456 74
1152 87
378 36
1633 90
2264 70
3670 94
2602 49
1082 98
1906 74
721 60
3945 89
725 6
33 11
714 81
2659 59
3993 48
2638 20
2122 100
1543 92
2280 28
3140 41
2283 4
2046 59
118 35
442 76
1275 95
2253 79
2486 22
517 61
3681 34
1891 91
2245 27
3897 77
1498 10
2163 18
1267 91
2551 16
1072 72
122 84
3146 38
3867 37
1061 4
2399 74
2294 95
900 84
1704 75
4084 97
2169 96
2482 65
1679 75
3551 10
159 61
3166 19
3890 79
3783 37
1301 72
3713 64
1646 55
1352 28
396 97
1989 45
3366 60
198 40
3083 38
3882 93
501 86
2279 49
2800 65
2789 52
3373 77
1854 17
101 13
2876 13
114 92
326 99
1378 38
2293 40
3092 3
2827 77
1202 21
2207 21
2477 82
2034 85
1277 38
2157 94
378 31
1375 34
3903 50
1885 98
1337 79
448 85
1201 58
3718 78
1034 8
1588 22
2903 93
4059 53
2697 74
321 50
148 64
212 35
3561 50
3230 100
2931 47
176 6
2803 33
790 60
1141 15
3422 77
3947 90
2340 47
705 68
792 90
3464 39
2872 62
3052 33
1776 18
2345 93
3883 74
3828 3
838 99
1428 15
1210 82
2685 95
3672 4
1633 88
3957 99
3730 39
3929 34
1584 89
3913 6
1338 96
3019 65
514 28
976 7
3508 81
1024 45
458 25
3917 3
1254 100
2035 91
1444 90
1804 20
3278 28
1488 18
275 53
3282 66
3876 54
550 50
64 88
1850 70
2267 100
330 92
3935 4
2045 41
2458 66
3747 58
2196 86
3014 75
928 2
1218 48
3850 60
1292 94
1508 31
321 99
612 20
1844 28
6 32
1824 1
4030 43
411 52
4039 16
641 73
1262 22
1380 11
191 33
1655 88
2788 27
2089 53
998 75
3632 6
2729 83
2334 37
3516 69
3546 95
2097 88
1266 12
1919 95
2546 95
1759 79
3323 94
419 4
802 62
808 10
3361 7
3528 75
1893 40
3813 44
2473 100
98 17
3102 13
296 81
2076 29
3206 100
3350 56
3049 53
3313 93
958 24
1647 57
760 1
804 21
1903 78
3444 19
3446 51
3375 17
2496 1
2197 14
1209 71
249 40
443 84
1387 9
2296 36
490 51
3270 88
2598 2
488 58
2770 55
419 42
826 1
2060 93
1097 68
2187 11
77 76
2377 33
2759 58
2766 72
3778 85
1025 60
3805 1
354 75
1125 39
1707 54
347 95
3664 14
828 13
4076 77
2203 32
2201 82
273 68
2750 71
3299 31
704 94
25 95
133 19
2448 54
426 20
2640 36
1400 77
3912 3
3419 51
96 73
3349 52
122 78
2494 87
2634 40
3162 9
3583 37
2466 80
1683 61
105 78
3578 18
3996 28
3196 99
1035 86
3572 72
2279 49
938 91
135 71
1788 97
1205 96
2622 41
2351 23
3953 30
2910 76
3528 25
459 28
3318 48
2787 33
1255 74
1283 40
2024 43
2200 94
2324 86
2687 74
1059 70
3212 7
1629 30
1966 4
754 73
923 28
265 88
64 30
2895 79
3865 10
739 84
3596 18
1576 56
3748 8
1477 95
733 21
433 53
3015 24
3157 57
2056 80
3993 18
1741 74
3033 22
173 87
669 91
1303 10
214 58
2388 64
2140 3
2568 48
2627 13
786 56
2920 21
2247 24
1251 85
3272 95
3368 54
2431 33
991 50
1227 61
2034 60
3334 12
3707 97
2527 85
2090 70
2462 47
1286 56
1053 45
682 52
1620 89
2340 16
2878 34
1952 26
1373 96
220 55
1093 3
2558 34
2638 39
2379 30
3755 35
381 74
2901 17
1596 77
3619 13
4080 62
964 31
2912 32
2583 46
1595 66
2512 55
4000 37
1182 49
2973 3
422 83
2075 54
121 8
1307 8
3446 38
2119 3
2213 31
3110 41
2734 92
2200 34
581 3
125 19
3324 11
1911 48
3960 65
2420 71
2043 18
1943 47
148 45
1670 78
3540 17
1994 88
2407 31
1411 39
1949 97
2790 75
592 88
2120 46
43 33
1933 19
71 81
3135 36
2732 95
754 58
3856 84
1015 99
3792 52
3992 20
2093 65
1507 11
1423 55
1032 46
2007 71
2582 41
3929 21
1818 47
2168 26
3944 74
1427 74
2008 40
1799 72
2844 17
1785 13
890 30
3561 24
1769 47
4036 69
152 10
3378 63
1651 75
3224 7
480 22
1623 28
1820 81
1343 23
1809 49
257 16
552 44
895 8
2678 99
93 97
2407 44
1563 72
3733 33
1784 73
3887 100
16 9
2417 30
3482 95
1138 2
3969 39
1145 58
1600 27
3268 15
215 67
2723 14
1130 65
499 7
3704 100
3486 72
743 55
2607 5
2056 46
3726 39
2794 76
3047 47
3749 21
1205 2
3138 62
3865 27
1787 95
2520 82
1275 16
935 46
2961 6
1306 97
425 54
1379 65
1821 11
2484 69
2020 72
1552 32
2310 69
3839 69
2308 67
514 76
331 50
28 47
1684 92
1603 27
3061 3
3339 15
1579 98
3653 97
2103 17
3317 65
2155 86
3250 29
302 48
3165 63
1286 91
4067 63
1716 85
2097 33
129 4
4029 36
32 39
642 90
3094 49
2766 13
1260 52
3303 67
3871 90
2940 36
2495 90
482 41
3763 43
1867 9
3188 7
2374 87
130 22
2256 71
138 16
4040 40
1918 42
3502 88
607 3
441 35
1610 61
1343 33
2052 98
4058 48
2663 88
4094 35
927 15
452 21
1249 99
1420 4
2053 47
2492 89
1531 96
64 40
3804 40
2980 72
1500 2
2678 93
3168 31
717 79
3679 22
2790 70
1092 42
166 31
1547 94
561 81
3593 90
2619 20
636 14
2903 19
3149 41
1740 64
3172 38
3993 100
2341 86
3368 21
2961 98
2618 15
3056 89
420 64
1693 84
3813 35
629 65
529 35
495 68
2780 4
2378 21
1673 3
1256 57
2384 75
3366 43
1059 40
741 92
437 51
2222 33
3885 62
2566 51
1789 25
291 77
3469 72
185 22
3416 61
1261 25
2394 10
2209 33
3469 65
3612 76
287 93
1588 60
1294 31
2970 39
653 48
1020 83
3902 33
553 53
947 41
985 81
1304 73
4096 89
3 70
1985 44
2867 63
2575 8
1068 45
698 77
2588 80
482 60
3867 8
590 47
2810 48
1588 52
3370 12
3503 15
15 21
3350 7
2964 91
1013 3
1522 28
3508 70
41 7
3053 51
367 96
1204 79
987 22
3147 100
1086 42
2511 15
3870 26
2854 4
2047 67
3775 16
2989 41
35 37
1850 18
1686 24
2557 67
1001 73
2313 82
240 72
3159 28
3808 92
2190 52
1238 17
1320 24
1720 96
549 19
2344 49
77 24
3736 75
587 39
237 65
1852 7
1020 42
311 13
3130 45
3191 3
385 36
2584 51
3040 9
1888 58
3896 43
1513 73
1870 93
1692 10
1473 25
1108 17
322 84
2387 33
2155 8
3649 44
3604 59
2376 45
3797 17
2420 5
3827 44
2679 13
646 74
1316 36
2420 40
3510 77
3613 89
1893 57
3776 72
3679 21
2498 8
3461 88
567 34
1945 3
480 90
1533 94
1536 88
1702 71
3366 39
3592 3
1650 21
3741 73
386 73
1917 79
2881 42
776 39
3248 52
872 81
3881 36
3907 43
859 70
3170 37
1026 67
3019 45
230 55
2283 41
3967 77
526 39
2743 60
572 88
506 77
1695 40
3108 83
1681 59
3297 74
3535 58
977 9
9 71
1525 75
1124 98
3201 93
3343 19
999 13
2935 58
935 25
264 2
3019 55
3617 57
2023 6
2221 13
2074 27
3765 53
2015 69
1297 32
355 83
2419 62
2382 98
2499 9
585 76
2361 29
264 68
1316 33
3912 16
429 46
2084 26
2702 61
3690 94
3739 58
1054 87
1349 96
3582 35
166 49
1615 90
96 54
2610 53
3594 36
1053 87
1621 81
1380 95
918 16
3544 71
1675 26
1742 56
3048 28
3620 38
2475 24
334 70
90 18
2732 96
3870 27
667 40
1377 83
2376 67
2807 95
994 2
3216 27
3355 22
2960 85
1346 92
1091 50
1547 75
18 47
2792 35
2356 57
1883 41
2571 35
2042 51
948 22
2851 26
2266 21
3900 65
52 13
1171 1
3664 15
3597 49
474 49
3220 80
170 29
1022 43
396 11
1072 22
2162 43
1571 42
2827 90
313 34
3785 3
340 59
1144 5
98 90
2989 43
826 46
1316 82
3251 87
998 21
348 96
2004 75
1903 86
300 49
521 97
652 93
1444 12
2127 85
541 43
3896 90
4039 71
3643 99
216 12
3475 14
1482 48
3289 12
987 51
256 6
358 15
3575 14
1310 99
1573 33
1955 94
1080 56
3956 43
3299 8
2135 86
805 60
1352 75
2910 83
2116 15
1308 1
2247 19
2736 94
1233 69
87 47
3432 63
3877 13
713 1
3131 81
2673 54
2287 30
3954 30
2391 8
3625 10
4046 12
3778 85
3900 9
260 49
324 83
1509 58
981 68
1452 2
952 14
1800 8
207 38
1747 93
2851 16
1007 15
287 67
3241 16
1968 74
1131 51
1468 18
1275 99
3967 92
31 49
3427 97
1907 100
979 37
1492 99
3690 20
1886 54
3721 59
2945 73
1210 7
3449 81
3033 86
1561 33
591 96
317 10
83 12
2484 59
1010 3
781 48
1186 15
242 46
1640 48
1365 52
1306 38
85 42
2695 39
989 41
3019 78
3624 41
2270 12
3817 45
2002 45
2379 39
376 14
1075 39
2791 52
2106 68
3049 100
192 41
33 87
2978 17
3921 55
1119 55
2095 98
3719 47
3342 74
2683 40
2098 62
3813 96
1809 40
3360 84
649 4
651 99
2075 18
1793 30
3814 24
1644 71
468 36
3793 13
615 7
2949 71
3679 78
3348 54
776 13
1798 78
3100 30
2563 57
3846 79
3009 78
689 37
2008 93
4044 17
2467 59
2575 85
2470 93
1174 47
1981 70
1811 19
780 70
3158 93
402 63
780 36
393 90
2168 33
3057 33
507 47
1074 70
2579 73
1687 74
3985 19
1149 19
2895 44
322 59
3708 48
1327 72
1535 3
793 54
1034 51
472 16
809 60
2935 88
3938 23
2573 3
1006 87
2493 23
2889 92
744 74
2026 37
3549 46
637 22
2504 51
1598 71
3592 54
1317 58
2297 78
1426 70
785 19
3749 99
808 99
3565 42
3130 98
1266 56
1797 13
284 98
895 44
2260 52
2855 31
3213 97
1504 67
1389 6
2073 28
1867 31
3439 52
3306 2
755 1
523 53
3120 53
2975 52
3563 97
2223 55
2704 36
3043 76
1485 89
1136 66
603 2
97 65
1239 55
3827 77
3500 76
2062 41
3428 60
2957 30
2868 25
1397 26
1857 55
722 93
2334 8
42 42
2954 99
2736 51
3590 99
704 88
303 39
1508 70
1815 38
2770 56
4017 43
1194 88
3171 43
3258 42
980 35
2966 100
159 27
3453 71
1620 23
2342 17
3169 68
1735 74
3800 20
2746 91
3441 60
537 92
2725 84
1940 92
935 77
2805 1
3973 75
2687 66
1166 46
797 94
2876 5
721 26
3836 72
275 26
813 7
4052 92
1690 23
482 30
2334 47
1484 80
1948 19
3775 29
445 4
3031 93
742 77
55 10
2721 93
1339 31
4020 67
1879 30
2952 98
3287 70
2447 87
3448 41
1149 67
730 6
3583 37
1499 19
1431 16
3603 36
2037 94
1853 50
3608 55
3241 49
2754 98
3685 7
3692 61
1134 1
521 31
2284 36
1974 58
2797 32
2612 98
982 71
776 80
33 20
3206 97
2112 97
2008 67
1244 9
529 32
601 89
1009 44
1645 75
1461 94
2958 51
2167 9
27 79
3339 33
3432 33
2399 50
375 40
2936 10
3235 12
532 94
821 34
134 57
3777 85
296 44
175 87
2486 56
962 22
3741 15
890 32
548 96
2794 19
865 15
1822 20
1887 66
2053 89
3607 17
1136 39
2126 26
2702 49
1104 48
3680 25
2831 26
1353 41
3970 41
1133 65
61 11
3466 23
1637 28
3519 41
2687 28
1608 10
2830 67
270 45
2064 88
1646 33
465 59
84 90
51 89
259 53
2469 63
784 24
3270 41
2485 76
528 24
2272 59
3668 95
1019 15
153 81
2377 18
2464 42
710 80
2142 98
985 4
1868 11
3573 45
21 76
4079 55
3377 86
2394 12
1810 46
419 98
2021 3
1975 31
3762 72
855 73
364 45
621 7
3299 58
3271 15
133 42
735 11
2210 65
3576 4
3342 32
3519 100
1636 89
2221 27
3369 81
3986 70
2698 39
605 72
2792 57
1877 23
2388 28
3654 31
977 44
1523 70
3414 96
2342 95
3799 18
3741 25
2065 69
1775 61
924 9
260 99
1803 74
3918 4
1442 49
3899 98
2355 84
302 17
2619 76
3273 77
110 18
1060 49
3208 91
236 35
3613 36
3375 100
3041 31
1220 66
2435 1
3424 36
31 76
758 36
673 80
1790 3
3301 10
788 99
1439 84
538 63
4051 46
2455 10
3307 77
1706 2
1847 61
3916 70
3564 52
2388 72
2875 36
1833 10
3779 9
2801 3
3100 38
3760 2
3816 31
3922 91
3717 29
3642 76
3303 82
1943 65
1919 92
943 45
1338 95
2004 22
2328 59
2519 27
3201 33
2375 78
3548 43
4065 97
3855 36
2512 65
771 65
279 82
1098 94
3610 75
2886 3
3729 55
3634 31
1020 71
500 25
3735 40
3137 36
1874 30
2764 37
2838 21
3463 65
2180 12
2661 35
3549 34
3118 97
1509 24
1530 53
1690 63
1630 56
422 100
985 53
1785 4
2456 41
2732 46
1561 42
3748 16
1608 44
1507 12
2747 9
2779 22
2925 63
3019 77
3686 6
3568 24
3726 92
1697 1
3863 70
666 13
151 14
4014 96
3373 65
3019 62
715 87
2070 78
1908 33
3176 77
1 52
3360 43
599 15
2654 78
3299 49
951 71
1867 12
2884 84
4047 34
2542 25
3543 27
229 63
3765 87
2890 66
798 54
1918 82
1351 2
3944 74
241 88
2117 37
1192 17
3493 73
2009 73
1443 18
3994 29
1341 76
2515 37
360 56
2822 4
3899 79
75 3
3190 66
468 96
2412 94
4072 14
1481 70
328 50
3574 17
3967 64
1910 61
2126 74
359 85
276 68
447 38
3596 80
2568 44
3850 76
2053 52
3162 45
3363 73
3041 82
3960 72
1729 72
23 61
3768 76
627 12
2072 21
1402 94
2656 37
205 98
1035 85
63 67
2947 30
2485 68
810 95
3984 9
3779 25
3122 42
1404 5
3066 52
357 87
2973 94
3543 28
1854 29
1538 12
669 60
155 18
2907 29
3416 47
3500 8
3074 91
2238 78
3448 71
1105 67
1048 17
2343 55
1660 73
1917 20
2655 96
3027 85
1938 7
1545 35
1182 70
355 62
3885 8
445 91
1701 39
3178 48
1697 78
963 33
1539 22
313 35
3549 54
3093 66
699 42
2448 79
3637 29
194 6
301 57
423 51
2186 67
2783 89
22 9
346 39
2947 61
2364 1
3255 85
3436 30
1881 33
799 11
3668 98
3880 27
2270 4
1596 25
2799 12
2502 67
1935 25
2182 96
2544 65
544 48
129 50
3039 65
2994 24
4071 23
1515 48
380 18
1430 46
3271 31
1669 72
346 47
2326 38
2026 4
3660 21
909 86
3895 35
1755 33
75 90
2644 98
1364 87
1155 43
2049 16
3170 54
3973 97
1961 11
3513 72
472 51
3353 17
3114 31
65 68
1477 33
1961 94
2342 90
3850 68
3224 83
1758 99
3461 65
3569 40
22 18
3008 16
4035 75
4064 88
620 82
3198 81
3281 19
1979 79
1997 47
480 88
2877 90
1346 36
3880 83
826 32
59 46
1353 82
2740 25
1369 91
2177 82
877 17
2607 12
3045 70
1592 40
1315 89
1445 63
4093 94
3244 41
1332 62
2372 83
2807 87
3638 44
2897 15
3056 54
613 60
2344 41
2381 39
3993 53
3229 24
2644 69
2901 99
3595 5
694 17
160 12
1558 37
939 11
814 65
309 83
1213 32
1051 61
3623 25
2478 22
733 81
1735 81
3099 15
3917 93
1380 3
3774 9
2201 68
899 88
1777 80
2051 75
3857 6
3112 24
2779 11
374 67
3433 54
1224 83
106 2
3101 18
1199 92
186 41
1704 76
1960 26
1332 45
680 92
958 31
1095 12
2080 12
1385 11
3462 81
1674 33
976 52
1371 28
2195 77
3721 63
3193 68
2414 25
568 42
2470 14
3113 16
1933 79
134 59
3839 7
3299 39
2561 30
280 20
3189 29
2613 8
278 57
3178 66
2460 24
3425 30
3500 40
3009 47
3639 98
2403 38
2696 51
305 90
2901 69
1066 46
1368 25
1445 52
1297 89
3455 20
331 45
3727 44
325 87
2113 56
1927 61
2675 72
2708 17
29 40
2098 23
2721 94
2756 75
559 69
3903 65
1595 69
3293 33
1195 23
3287 96
3241 38
1992 71
4032 6
299 69
1107 26
3466 59
1676 49
2596 33
4042 69
374 9
3536 30
3634 94
2581 37
654 90
1462 67
503 66
1102 52
1284 26
3309 14
685 87
3386 100
1043 47
968 4
1656 20
3294 1
3663 11
3203 5
988 15
639 98
1476 83
1246 49
357 80
2289 31
2410 58
2450 46
2558 96
3178 93
1469 51
705 81
3173 18
571 11
2568 60
1962 11
1557 66
1011 50
1650 46
1412 5
1652 61
3637 44
110 41
2760 7
3747 11
1028 9
3682 19
885 60
1254 79
3775 32
2598 15
2248 62
3687 36
2318 65
2975 84
2966 81
2049 25
254 83
343 96
1031 51
483 91
2581 72
3851 50
3207 20
479 27
1997 65
3553 29
1147 41
1759 45
1959 82
3885 43
1540 55
3335 59
3845 81
1748 28
2020 58
2829 75
2192 60
704 41
296 83
4004 66
2229 36
3361 13
3999 100
1537 100
19 50
1247 55
1228 4
241 40
1234 90
3292 90
1683 79
890 88
3632 6
506 1
1318 74
1534 97
3709 68
1787 40
3236 66
2626 48
2513 46
3032 35
3017 53
4028 46
783 82
1956 80
4076 88
1726 19
1565 73
3388 28
2862 78
2617 65
3169 94
1006 69
2555 60
2508 72
1427 18
192 92
3720 26
3128 15
274 80
1902 49
3597 73
2892 66
481 32
396 1
1579 85
517 79
1108 3
2536 92
2977 76
326 77
1999 73
2366 45
1543 82
3504 93
47 64
456 66
3013 60
2919 34
2442 77
1547 74
1179 5
1104 29
2801 31
4013 14
1385 82
1285 33
3951 57
1045 92
2027 27
1859 98
3721 36
1502 86
1259 65
3396 61
2664 85
3495 52
304 99
256 6
1563 99
1846 12
276 20
2759 27
3722 9
992 36
