826 70
365 40
512 98
739 79
274 19
429 4
977 50
167 96
989 40
1021 5
942 99
943 68
112 4
951 14
73 23
847 14
591 62
952 67
138 74
895 68
160 5
171 93
89 63
895 93
406 31
350 69
706 7
426 2
39 14
903 32
1000 61
358 85
934 43
551 31
129 63
66 24
674 78
577 29
206 92
595 36
542 38
631 19
145 64
193 4
747 56
89 39
673 66
690 7
185 38
870 82
253 13
291 13
996 26
658 78
345 6
66 62
193 24
303 41
526 47
174 71
616 46
1012 53
621 69
899 74
784 32
583 86
851 62
278 22
760 64
648 82
989 48
763 87
567 38
512 6
368 45
723 100
922 72
190 68
129 17
138 99
20 58
178 42
97 99
770 32
625 64
813 74
452 12
211 91
160 71
620 24
778 17
957 34
616 80
692 67
411 19
568 90
488 51
643 11
1002 44
135 69
191 52
537 20
340 89
800 25
183 92
378 85
62 35
326 90
558 89
492 65
1021 7
1003 5
618 48
1011 39
1019 98
1001 7
766 91
541 20
930 87
1021 8
405 97
461 74
541 83
433 48
691 47
255 42
154 64
528 100
797 4
848 1
305 66
967 82
973 31
552 96
400 81
832 72
776 30
526 45
27 71
761 62
242 33
635 56
496 62
874 86
123 84
651 13
113 43
239 45
63 56
651 41
106 39
511 32
745 44
884 5
291 6
789 68
219 94
870 85
382 62
951 61
707 61
313 75
309 47
1006 76
864 44
132 35
895 38
329 37
182 90
362 8
778 89
882 77
334 82
476 38
725 42
273 57
531 81
381 69
877 51
995 50
291 13
245 59
893 72
59 85
220 25
903 34
810 88
51 5
628 2
846 16
1005 36
500 71
699 36
249 17
159 27
996 30
611 13
651 78
806 67
252 15
679 23
6 78
393 78
496 19
995 94
422 54
763 83
16 29
348 62
593 42
433 43
62 55
577 19
159 15
719 23
27 52
755 26
895 14
26 53
856 53
530 15
500 6
802 10
720 73
669 15
733 79
3 67
940 100
606 79
874 56
812 53
470 69
44 72
459 1
811 4
7 86
172 13
39 13
243 2
25 57
594 40
308 91
623 62
224 70
945 67
896 42
218 34
1016 32
841 29
311 97
548 71
330 61
150 38
550 61
121 81
3 46
459 81
193 5
514 49
937 85
631 1
314 23
47 31
311 29
716 44
124 83
432 14
97 60
900 44
841 47
289 77
411 35
518 49
920 55
542 3
812 94
398 43
272 55
349 95
558 77
235 39
115 48
200 46
213 55
308 53
535 91
362 61
662 46
709 80
665 89
339 30
382 55
891 56
804 84
135 99
1015 24
588 17
394 51
103 28
366 97
1 4
461 58
133 72
884 31
81 58
628 76
981 4
311 83
783 51
163 71
234 5
261 87
911 89
813 61
143 56
94 98
15 27
1021 23
826 33
671 42
780 57
626 4
408 70
741 55
49 26
487 22
534 52
579 54
13 45
130 87
881 66
72 88
226 76
48 80
404 15
548 15
226 70
518 65
564 74
148 16
503 34
581 92
925 85
807 63
836 76
437 7
336 85
292 100
889 29
791 95
434 31
437 21
997 77
815 43
530 70
234 3
936 38
408 22
135 61
256 4
177 32
278 96
821 72
578 66
544 22
656 57
395 73
222 53
519 43
886 28
75 44
299 50
949 19
964 4
596 16
213 76
341 65
364 98
859 52
695 97
446 39
788 15
901 10
915 32
945 68
517 31
992 2
862 41
922 52
983 79
1023 68
529 45
825 90
157 93
652 66
115 64
621 43
316 28
747 32
700 39
108 18
662 87
298 18
902 77
654 43
576 64
294 28
329 53
529 85
700 74
892 61
301 25
959 97
816 25
535 99
321 90
418 13
1003 67
936 73
942 14
863 52
214 62
782 45
894 2
175 43
344 75
828 14
666 93
277 7
117 41
966 30
838 42
191 94
212 73
603 64
474 86
15 63
100 31
672 21
779 85
592 72
307 39
241 56
677 57
882 54
547 38
528 70
1021 59
663 87
967 7
470 10
554 90
2 11
985 13
613 61
688 34
856 15
214 94
48 64
103 75
511 22
615 37
593 96
179 19
966 80
23 67
888 34
676 2
705 5
160 17
230 87
634 50
744 59
938 85
992 3
261 34
1024 93
680 12
555 20
667 30
656 92
629 52
899 90
963 26
86 80
955 85
291 34
804 27
474 29
510 2
150 93
91 69
306 99
799 99
135 90
465 12
8 6
747 37
621 65
596 58
782 54
766 3
59 9
102 97
890 41
588 11
531 20
318 33
792 59
600 8
282 83
160 28
29 12
513 5
547 70
906 39
403 58
901 19
656 43
207 84
56 18
848 19
293 42
729 53
768 94
1001 14
749 4
823 8
785 20
399 82
366 30
1003 82
544 63
25 98
25 57
529 34
525 12
120 67
658 14
464 92
777 96
90 81
419 17
776 80
919 2
821 58
783 76
183 23
316 87
992 24
524 39
946 4
765 12
607 52
663 66
20 87
470 24
185 58
117 99
1012 52
41 73
662 35
848 61
1003 22
628 9
689 31
952 28
66 51
277 6
894 25
641 94
911 69
244 36
919 53
985 48
291 38
430 88
392 93
695 19
911 80
444 73
876 28
418 88
856 23
264 76
969 41
617 89
312 26
605 41
790 96
223 77
130 44
560 61
165 67
160 2
904 44
89 54
473 74
24 57
1001 99
666 61
381 85
23 7
964 15
709 60
505 63
193 48
357 19
1008 65
957 2
833 51
837 23
606 30
68 21
1005 33
244 26
36 11
477 47
656 35
1022 39
238 26
521 62
270 99
304 54
358 83
320 94
843 23
329 82
576 47
354 41
864 79
188 82
667 12
279 43
896 10
674 63
277 2
152 94
806 43
214 62
914 1
851 53
588 74
644 100
207 18
854 38
82 38
35 2
26 11
193 73
294 48
459 93
1007 83
278 27
622 95
835 82
562 80
919 85
272 11
892 44
127 65
96 58
993 69
618 15
127 92
336 76
279 1
577 100
151 52
55 18
241 1
46 64
113 46
243 48
543 9
424 58
769 53
192 12
657 19
515 55
682 88
315 94
790 18
918 84
518 16
488 65
162 65
461 61
45 63
227 14
425 5
874 70
405 31
207 25
96 5
626 34
410 47
944 35
405 15
846 81
638 63
86 53
952 37
754 19
412 1
954 54
707 51
574 3
50 92
386 59
875 23
323 53
314 57
123 81
703 94
1022 6
682 68
624 20
972 91
279 67
143 8
1009 24
905 60
780 92
385 1
511 26
50 6
793 21
13 62
889 78
871 72
295 30
480 25
819 46
611 47
216 22
173 44
865 80
501 88
468 96
541 19
273 33
463 95
980 96
474 54
728 85
149 98
308 20
226 77
439 18
325 34
607 81
63 44
136 80
161 60
120 84
710 95
312 56
248 6
258 79
553 62
155 14
1008 56
339 27
56 30
644 48
625 97
713 30
889 19
40 71
310 12
206 89
294 65
166 3
467 77
615 61
769 96
255 54
958 32
205 56
704 56
125 61
656 55
661 87
756 62
851 98
80 84
941 67
847 88
497 5
664 68
341 15
785 58
928 11
644 55
661 70
793 85
74 34
180 87
877 24
540 99
567 66
195 8
265 46
700 15
709 9
357 81
377 62
818 69
104 20
108 52
934 96
853 66
853 90
416 66
266 81
799 17
739 51
828 2
327 11
96 45
106 50
904 59
283 22
810 2
472 52
753 72
1014 73
972 49
138 6
715 92
1007 24
889 43
330 53
425 58
56 36
420 16
715 73
815 61
877 44
750 6
920 14
826 52
428 70
691 93
275 51
1 57
558 55
657 81
341 14
202 37
715 93
665 31
76 43
245 34
298 6
523 31
807 44
71 74
531 48
775 51
1013 45
628 57
649 20
493 6
712 23
444 82
30 78
898 65
86 60
294 8
227 17
647 50
566 54
930 79
48 62
932 57
184 76
534 23
702 81
585 97
774 6
443 13
526 89
813 30
774 92
24 29
606 75
1005 64
983 90
57 63
649 42
735 84
1 34
164 60
72 50
345 61
34 20
904 48
598 47
142 64
698 4
100 12
488 36
650 4
676 88
422 47
615 37
1006 97
143 33
699 94
755 67
282 81
291 9
149 41
453 69
863 17
82 96
569 97
75 13
480 66
835 8
518 56
204 63
526 51
964 18
432 93
286 1
890 6
604 8
317 23
1003 64
308 59
671 64
957 78
941 90
726 70
600 28
703 35
892 8
648 1
632 63
377 82
376 89
211 25
330 72
63 82
83 20
610 94
872 6
423 3
624 86
49 64
245 33
284 16
903 2
106 90
666 52
23 99
926 28
485 56
225 46
596 60
456 11
849 81
177 14
966 81
654 79
682 93
469 40
671 65
705 100
38 17
445 29
124 59
769 86
648 74
596 16
904 82
184 98
385 73
1014 98
211 47
514 77
281 20
816 28
644 8
801 70
195 64
122 4
350 50
414 13
752 35
1005 61
1006 39
136 1
375 37
974 19
526 19
104 84
725 18
737 95
909 97
197 82
448 51
155 13
29 70
672 75
946 4
592 54
42 20
630 96
637 19
661 10
534 39
584 47
1020 45
956 78
114 40
140 63
286 52
731 40
766 92
831 24
84 73
866 96
459 62
893 30
969 91
649 5
131 17
117 56
622 96
950 61
230 76
183 36
614 46
415 73
548 44
290 7
703 83
147 7
1000 43
951 74
853 78
388 16
308 91
107 64
722 57
317 41
61 4
510 75
354 83
1010 63
209 53
378 78
297 42
550 6
211 9
322 80
480 87
240 72
529 12
952 23
965 18
763 8
226 7
903 41
721 1
508 89
845 59
733 55
38 60
511 24
866 91
53 86
579 69
953 37
867 23
870 14
733 63
366 75
120 32
762 17
139 59
571 36
78 25
48 34
884 39
148 8
313 44
613 45
18 79
25 36
124 56
670 27
60 47
832 66
160 56
313 27
859 33
853 70
619 88
270 49
951 59
649 51
774 54
197 46
127 5
674 58
701 5
965 2
733 86
870 66
833 13
643 23
296 69
191 100
433 3
471 75
81 4
184 77
784 25
738 97
478 54
838 15
8 38
506 51
436 43
695 52
734 73
823 75
520 24
956 74
398 20
550 67
259 84
862 51
352 24
530 39
484 4
605 57
903 62
321 66
754 5
354 5
957 72
669 31
105 21
605 51
753 34
405 23
392 48
519 66
572 22
812 90
570 61
803 3
344 11
948 16
974 15
996 34
417 21
842 88
276 7
807 88
526 12
317 51
437 43
962 78
200 16
34 69
733 29
588 58
956 94
1018 34
28 2
702 54
1003 46
1007 59
103 91
928 86
318 62
524 45
651 58
311 34
938 89
785 27
76 11
703 20
828 61
279 58
149 56
939 26
16 94
835 65
247 58
473 77
5 88
256 56
952 10
59 33
18 74
295 100
569 1
233 12
999 73
135 2
870 33
275 59
402 81
645 25
444 17
225 99
18 13
389 87
277 12
567 44
398 77
833 65
819 33
670 47
686 20
557 59
412 28
247 10
789 49
360 33
277 12
401 21
496 78
293 78
466 45
45 3
997 59
128 54
505 87
504 95
139 18
574 82
289 20
232 86
502 58
34 64
210 4
691 60
628 56
41 67
905 97
299 6
874 93
893 28
782 84
538 23
658 9
916 83
735 29
111 85
624 70
841 83
408 24
561 86
454 31
314 57
47 46
716 27
389 44
884 35
509 56
427 79
618 26
187 35
475 29
595 98
278 57
83 36
888 2
913 29
268 28
896 59
505 75
883 16
26 93
116 12
365 97
529 67
109 47
599 88
983 10
708 68
790 14
636 29
724 13
904 75
445 61
1 61
867 42
664 12
798 12
746 84
251 55
605 68
635 53
817 6
888 76
13 52
114 12
831 76
754 92
978 35
48 74
304 43
109 63
501 64
158 47
89 14
537 94
65 42
826 61
719 20
162 69
56 48
428 88
771 42
161 98
106 17
166 3
910 42
863 68
384 80
810 93
957 71
808 52
773 3
79 43
87 11
81 34
466 25
591 33
1 7
288 42
433 42
501 77
791 33
325 71
36 79
25 26
33 24
655 40
740 7
153 51
737 14
744 75
947 67
447 48
201 94
585 91
839 58
335 46
166 13
870 28
973 60
300 18
143 87
177 21
992 24
336 49
175 7
498 49
11 57
631 39
753 59
1015 52
5 18
734 7
781 39
198 7
655 92
717 31
723 17
352 59
154 57
292 67
493 21
427 7
367 45
985 99
399 52
826 5
569 8
192 18
7 3
324 80
213 72
26 49
11 72
75 12
658 92
947 81
978 18
857 78
671 38
774 88
741 37
166 98
853 80
406 22
581 13
356 88
992 85
729 53
26 68
813 51
23 35
364 13
973 12
541 86
717 3
44 81
99 89
177 10
442 16
571 94
851 8
951 85
434 29
477 32
964 8
933 20
917 9
702 4
894 48
334 87
789 31
281 46
685 30
487 88
624 100
772 48
655 37
1015 95
4 84
681 53
727 59
105 82
291 28
744 60
271 50
450 16
256 82
455 67
83 42
786 3
418 100
689 93
276 95
177 93
455 69
280 6
504 73
396 37
138 41
34 30
225 9
715 100
101 96
297 86
858 6
581 6
724 37
129 44
284 96
89 30
254 36
387 54
872 61
660 34
524 10
662 15
626 64
936 76
828 35
602 40
107 3
791 68
506 22
139 98
834 60
170 61
715 8
290 72
382 67
381 80
864 39
37 9
252 20
839 77
474 55
848 45
144 100
651 70
749 51
531 56
218 64
26 5
546 56
549 91
343 94
641 21
522 17
853 98
355 38
511 6
155 93
372 14
261 75
682 53
187 83
887 23
463 55
42 66
921 4
970 75
281 5
860 21
354 26
353 80
923 7
676 62
247 22
914 69
964 6
338 100
436 87
888 19
575 36
713 49
722 1
305 85
308 7
606 10
920 63
930 22
1014 87
706 56
590 29
1017 88
196 82
216 71
172 24
97 92
448 75
333 90
701 37
759 88
32 86
883 39
536 4
247 10
487 78
158 42
589 49
203 12
676 64
932 88
499 2
218 79
700 39
866 100
123 85
411 74
103 13
1004 79
118 87
1006 22
224 90
998 67
139 57
689 1
943 98
806 29
745 94
484 88
717 98
713 23
275 64
982 93
204 78
588 10
712 3
173 91
734 24
288 64
978 2
862 31
487 99
818 60
394 17
14 80
749 66
557 6
93 83
380 30
932 55
750 55
426 100
426 17
269 52
773 62
236 28
1006 94
442 88
938 77
903 29
351 76
424 89
283 74
865 14
709 88
468 93
161 58
238 40
432 56
236 7
1022 93
659 24
768 32
16 99
300 21
558 79
551 58
650 48
161 75
537 89
3 12
524 56
697 15
790 91
741 14
338 41
525 98
904 43
176 24
312 26
528 50
78 38
856 40
541 15
201 100
744 78
252 17
539 89
413 10
81 35
698 68
812 39
154 28
535 71
323 27
708 84
455 47
872 63
901 90
844 96
595 50
58 36
507 70
184 26
200 99
491 28
965 66
968 99
244 61
753 98
124 42
531 56
487 90
86 14
880 10
532 74
249 10
520 66
793 45
312 75
168 22
36 6
1011 73
778 68
867 55
639 73
507 14
641 13
249 33
414 38
571 67
74 54
403 52
203 13
892 96
675 83
1005 40
18 78
538 59
168 17
280 6
643 81
579 87
690 7
674 34
882 64
751 93
775 91
53 81
106 28
209 68
116 100
715 8
37 82
820 72
410 29
1015 62
788 38
905 69
309 78
997 32
330 34
101 52
418 77
658 58
240 62
687 94
418 70
470 52
3 26
612 100
902 9
863 7
397 58
741 33
594 13
225 44
769 2
886 64
555 61
705 29
951 52
468 90
703 34
471 34
276 76
700 41
703 97
56 76
311 57
605 83
939 75
140 92
269 11
722 88
177 38
246 94
419 58
529 22
301 89
514 14
55 57
1000 9
531 79
777 63
599 49
8 38
219 71
62 8
895 96
482 75
638 63
985 72
995 41
884 75
767 68
868 15
179 19
636 22
392 13
277 96
234 2
736 51
334 50
153 47
656 2
559 39
76 34
304 91
926 43
328 6
208 7
453 61
933 65
692 4
696 68
906 63
328 8
986 37
963 98
312 30
655 11
675 97
346 4
334 7
5 48
289 60
186 7
787 41
177 21
803 15
518 43
638 71
187 14
562 50
247 25
731 79
766 16
1005 29
539 99
807 82
725 36
358 7
960 15
322 86
554 26
1000 69
137 84
549 18
420 62
582 43
788 25
288 47
795 81
534 90
458 91
782 25
494 85
979 99
314 82
67 43
558 7
619 71
846 54
311 61
90 22
1009 97
161 50
257 94
1022 80
361 7
826 18
25 32
556 97
1001 71
937 16
891 63
648 99
156 99
237 65
536 36
429 28
400 1
661 20
722 84
966 43
98 55
107 2
8 88
977 57
712 62
323 48
6 69
702 81
147 81
256 100
369 66
325 68
196 95
27 15
359 99
283 98
61 10
23 95
21 49
799 95
758 52
628 40
731 54
738 89
479 40
835 99
980 41
640 30
929 4
203 53
154 38
508 68
282 95
513 87
400 65
800 17
58 22
513 42
248 88
665 14
249 56
775 64
831 2
512 27
417 95
860 11
770 29
550 31
434 47
273 49
950 23
242 11
17 35
711 70
505 19
541 74
138 57
491 19
801 49
133 85
393 17
829 86
1001 89
936 71
391 96
246 39
904 61
667 21
814 12
90 25
132 85
593 6
817 40
185 11
352 11
555 43
422 54
848 42
890 5
773 21
224 61
258 12
383 69
629 59
761 40
49 36
935 64
182 23
302 63
90 15
78 83
955 99
889 53
727 28
801 46
420 13
903 55
184 96
507 74
636 31
450 79
670 61
640 31
1018 26
463 43
276 76
821 50
344 38
564 78
341 17
214 10
660 75
926 40
334 88
925 21
966 98
1023 13
328 50
846 79
309 59
868 87
655 90
163 13
468 96
457 5
125 99
855 65
635 76
733 6
123 47
376 52
192 52
229 95
821 11
163 75
850 63
54 89
622 72
643 91
731 51
523 46
614 55
32 86
128 36
73 98
446 95
619 53
947 46
178 74
37 93
45 28
152 88
391 9
507 35
36 71
837 9
44 4
691 36
837 6
498 94
580 43
451 83
261 49
810 1
933 23
378 53
923 62
39 13
125 64
535 70
908 65
210 95
94 85
915 57
719 87
292 53
128 71
393 62
252 55
438 46
997 80
433 32
583 64
306 6
100 48
857 12
348 1
5 67
231 7
457 98
948 75
693 66
294 52
1017 100
40 14
295 70
854 19
925 7
844 82
307 43
263 57
399 33
783 48
106 53
103 65
88 20
474 76
342 99
589 7
300 19
639 75
282 32
231 36
419 27
246 66
581 12
946 15
265 32
1008 16
698 18
396 15
590 85
852 13
515 71
444 24
574 93
717 25
174 11
340 32
808 87
94 2
425 7
858 60
90 5
356 7
712 100
269 76
452 19
192 70
997 65
46 26
209 35
172 49
388 8
487 49
806 73
355 31
265 11
815 1
982 82
961 1
677 61
665 58
419 10
518 3
505 41
355 5
376 88
295 38
298 24
695 58
852 80
274 7
265 82
931 90
248 22
478 24
481 87
424 30
130 71
683 78
655 93
895 59
144 75
962 71
803 8
181 73
916 44
442 19
811 82
704 6
869 38
986 96
802 61
830 22
807 57
986 52
13 2
512 85
268 60
379 97
336 73
720 56
414 75
742 96
859 55
584 11
793 14
764 44
337 24
211 73
558 54
107 10
551 18
758 31
177 53
30 81
735 39
568 27
706 16
440 12
35 72
420 23
162 14
320 11
296 27
55 80
584 10
933 30
126 85
1008 83
272 57
146 6
666 37
902 94
783 31
1010 3
395 73
133 24
532 3
169 90
526 59
798 12
250 73
1016 67
444 36
119 92
323 49
258 94
743 14
867 4
599 20
716 67
359 94
254 24
906 84
893 2
642 44
419 59
366 14
845 29
531 11
322 93
165 13
728 40
361 20
251 75
398 26
8 24
933 38
858 92
956 18
582 82
562 14
965 95
237 62
1 92
353 27
870 6
637 58
519 90
995 32
915 97
229 71
743 21
613 49
491 14
901 90
878 86
581 57
868 66
489 54
831 47
216 39
703 77
101 17
575 33
742 85
870 62
949 82
931 76
763 52
529 35
791 37
826 14
1019 17
931 92
453 8
856 95
794 91
866 35
265 2
100 57
628 29
848 30
154 77
923 72
303 39
926 25
117 42
978 75
707 26
1010 76
675 43
732 11
193 85
681 59
485 24
60 39
395 2
568 32
23 64
695 23
978 7
337 2
805 31
1013 21
356 49
126 63
609 16
1009 81
377 28
53 58
846 67
504 90
702 30
149 4
915 53
141 9
377 96
153 45
769 96
437 19
248 68
70 50
680 27
959 50
1017 22
772 17
89 47
250 79
5 24
682 22
874 29
631 6
1002 30
691 93
510 69
198 49
565 52
580 85
503 59
147 31
1019 74
298 41
526 56
941 85
158 37
846 66
247 10
435 33
410 75
325 38
112 23
305 53
630 77
693 95
352 69
426 17
729 19
322 95
334 15
12 60
947 12
399 3
218 47
480 29
655 67
1020 99
619 88
671 23
502 78
579 69
330 8
406 70
734 51
921 90
509 46
968 37
488 9
199 29
150 45
620 100
22 100
504 26
93 15
295 63
581 62
66 11
370 54
591 23
656 98
679 80
89 3
177 18
811 63
634 26
311 90
173 68
692 84
610 25
262 43
990 49
464 55
13 91
846 84
906 37
539 57
998 21
118 16
722 89
839 92
961 16
207 72
471 28
61 96
745 20
464 22
965 91
11 51
582 93
273 43
732 89
9 29
346 49
274 7
797 13
574 82
843 83
381 75
766 7
790 63
913 6
897 60
540 8
916 7
222 45
233 7
523 55
188 24
939 18
439 48
652 35
743 13
6 20
967 30
433 2
307 85
991 62
176 60
595 61
645 67
691 63
164 29
746 46
485 42
639 31
669 76
584 70
553 68
605 33
66 39
345 21
525 5
146 14
13 73
120 69
160 8
185 80
584 79
839 49
144 48
875 3
806 52
208 85
231 58
24 85
450 9
739 57
975 30
186 11
780 78
673 51
340 18
238 8
17 89
40 3
244 31
1012 5
991 23
956 23
627 65
173 34
818 87
345 24
970 56
13 92
409 9
627 75
239 98
926 16
47 42
352 51
788 56
827 50
161 50
64 1
291 74
1012 76
837 13
422 69
163 99
584 77
635 43
782 39
351 79
633 97
739 55
306 55
977 26
101 34
425 10
718 55
423 39
204 90
741 75
824 82
577 31
13 65
520 7
850 63
556 66
582 66
938 71
134 51
393 95
697 78
625 10
941 36
411 10
233 94
185 59
437 83
199 91
950 44
80 54
684 91
402 31
885 10
441 85
193 57
945 91
325 4
727 27
719 84
67 14
782 77
650 34
484 96
875 90
31 95
307 90
289 82
871 79
855 42
330 25
370 63
219 98
958 60
134 21
352 12
619 17
69 91
377 65
741 66
923 90
435 46
124 97
836 13
1000 18
110 15
79 99
325 7
828 75
835 92
223 92
1008 41
22 98
271 63
49 30
374 81
134 94
563 21
242 60
973 3
1014 6
194 53
894 73
876 14
518 66
255 45
366 85
611 48
697 96
135 32
114 5
3 4
895 36
214 34
958 15
610 4
128 61
16 34
698 23
507 79
312 56
426 20
204 10
576 89
840 80
1014 49
200 7
508 72
495 22
15 54
528 75
271 26
178 66
588 11
351 38
622 76
255 82
409 15
987 80
263 95
240 69
702 88
1007 37
602 42
640 16
807 21
536 44
982 43
278 57
876 37
229 28
477 55
860 69
875 2
936 69
990 27
425 83
533 31
539 63
263 1
222 7
75 12
297 13
555 65
894 1
413 89
114 12
61 74
25 6
349 54
606 75
950 34
704 57
325 1
32 26
355 96
60 66
88 95
325 98
704 29
930 86
844 53
360 68
169 14
584 78
832 28
565 3
622 84
62 68
654 37
680 50
75 87
202 35
683 62
319 23
569 8
906 31
981 96
99 16
899 6
96 66
696 41
746 2
241 39
153 28
17 60
659 13
321 40
301 88
849 39
233 62
659 78
198 50
391 53
743 79
1024 50
418 92
324 50
430 87
902 34
323 19
872 55
88 33
358 27
723 1
683 94
1016 91
630 50
851 84
484 21
491 77
159 46
280 99
580 34
453 81
532 93
600 89
14 1
126 51
198 100
391 16
574 6
769 65
380 71
762 31
994 44
212 12
926 53
351 47
415 64
592 72
180 36
462 87
329 19
694 78
221 57
362 44
686 28
799 55
884 58
215 29
808 35
929 47
338 7
65 59
953 78
527 98
226 48
239 97
144 57
231 7
116 10
231 50
882 97
340 40
219 68
640 96
896 98
983 55
477 39
761 26
1007 41
483 97
554 81
283 57
573 81
570 67
200 5
665 21
82 57
195 36
822 8
41 31
745 35
8 90
143 73
388 11
726 5
179 23
10 30
878 63
244 17
983 46
74 44
693 46
803 40
679 53
752 4
413 54
232 38
344 85
968 21
213 41
39 16
391 98
46 54
274 75
381 20
895 85
916 75
943 87
320 92
416 49
773 6
804 7
283 48
68 5
815 33
81 20
316 80
355 29
526 73
635 95
713 38
501 20
88 26
847 68
992 9
484 34
688 81
716 86
27 64
99 86
268 26
362 28
487 16
749 47
726 16
547 9
872 82
600 93
569 59
984 64
319 27
400 66
68 87
980 27
988 51
101 76
678 56
752 6
773 85
484 52
111 90
999 27
4 3
841 92
805 74
654 33
373 71
358 56
521 17
748 77
692 5
26 37
209 17
737 7
761 69
132 1
389 40
429 11
104 39
274 49
618 82
162 13
265 6
200 20
357 98
569 87
82 20
978 88
585 71
57 31
1008 38
831 20
726 99
630 34
815 17
630 77
333 84
113 20
910 96
826 22
867 38
90 78
314 8
859 18
856 37
585 67
716 65
630 39
171 16
930 67
523 82
866 80
760 85
223 69
546 86
457 85
109 85
79 16
92 30
358 55
465 86
655 56
685 38
291 81
844 24
706 88
905 41
728 75
296 9
424 85
959 11
920 52
177 87
505 42
577 67
91 83
696 30
274 86
227 55
998 98
730 42
686 28
338 78
652 73
424 5
1017 40
799 34
591 36
989 49
513 33
325 92
938 21
188 87
136 96
852 18
119 70
43 97
1007 64
642 63
1021 56
908 72
655 17
519 78
982 12
432 88
755 6
713 41
792 96
484 53
108 7
261 9
584 37
748 98
13 96
1008 50
351 85
521 23
368 14
7 70
424 88
832 53
217 26
56 5
841 5
292 6
530 50
508 77
119 31
871 46
330 78
657 84
501 72
736 41
95 24
919 33
334 65
875 26
965 58
767 51
372 24
788 55
656 26
996 10
84 100
921 51
643 26
14 34
664 71
1005 16
170 14
547 16
202 15
902 25
171 7
168 62
398 10
523 17
353 74
299 49
385 28
124 92
168 68
863 86
503 12
910 90
666 25
933 88
504 20
955 95
680 53
560 81
35 12
823 55
349 76
867 87
10 82
991 45
31 74
248 66
62 34
357 8
327 79
999 79
228 55
357 43
31 53
436 22
688 42
528 69
674 33
602 69
140 95
633 36
427 54
877 28
913 30
71 49
38 66
803 50
635 38
826 12
651 97
572 8
326 36
559 87
157 54
375 30
867 25
718 59
487 71
622 55
619 89
787 69
115 45
577 89
1019 8
725 100
175 53
361 23
95 26
650 10
935 4
879 54
660 15
711 95
1008 58
35 70
246 24
218 15
151 91
124 1
596 24
522 56
901 71
219 42
450 57
667 67
789 85
782 41
272 48
348 5
698 73
190 38
922 85
1003 29
123 54
84 57
490 37
862 84
118 58
147 54
262 86
74 37
133 16
283 29
828 69
674 35
384 47
138 82
849 97
892 27
509 76
1000 60
490 99
135 28
121 89
403 53
81 35
812 25
818 75
984 67
669 11
31 94
622 100
805 53
33 90
395 35
210 15
532 26
149 7
551 17
373 63
753 44
358 55
573 66
555 69
418 17
705 74
901 27
157 90
314 47
869 58
741 51
152 48
5 31
1005 62
777 98
590 77
138 19
60 1
172 61
465 1
239 24
543 35
528 67
92 42
584 33
417 8
502 72
526 88
899 9
552 71
789 25
257 59
94 18
50 45
376 89
376 93
600 9
392 10
469 74
999 9
699 95
823 36
456 74
541 99
622 61
209 2
513 31
10 58
648 39
566 37
538 42
145 3
662 89
494 96
338 34
457 30
900 74
855 84
790 95
235 32
937 25
544 83
257 95
89 74
813 8
977 63
551 98
543 34
268 35
300 36
160 67
678 57
867 24
910 53
486 52
789 47
48 93
830 16
37 14
687 20
941 43
100 19
926 2
897 82
926 20
69 49
104 66
172 63
23 83
721 60
423 28
194 51
605 94
179 81
444 91
174 77
277 21
141 40
593 75
343 16
873 10
786 4
830 8
185 30
97 5
221 55
474 36
289 34
903 26
418 7
781 34
439 31
966 74
384 41
208 50
963 33
773 14
949 59
132 83
527 60
219 98
391 5
813 85
586 22
718 3
585 97
10 12
832 42
586 19
698 95
994 25
390 45
59 46
477 38
674 57
336 17
434 94
853 66
863 9
844 54
824 23
182 17
399 21
33 7
558 56
368 56
504 40
56 33
952 98
366 53
438 76
628 66
255 77
512 28
412 16
768 5
819 1
576 64
147 2
335 86
756 34
39 11
12 40
879 75
375 41
180 64
622 44
823 19
454 50
143 43
543 69
370 62
103 100
591 1
92 46
902 25
200 75
155 80
838 75
720 40
438 60
430 74
679 100
180 2
821 15
703 93
309 45
972 65
212 57
1016 28
864 73
495 47
823 3
611 56
733 48
321 58
420 2
546 66
119 99
418 89
571 75
601 70
720 58
75 74
623 72
672 88
264 2
517 10
21 76
426 62
529 72
221 70
619 54
41 19
383 85
569 64
951 36
689 82
347 92
371 93
318 85
925 48
85 31
781 100
72 99
514 64
945 38
731 78
801 95
721 23
39 78
860 57
1007 99
704 71
905 71
415 60
167 93
45 76
281 26
353 52
472 72
346 56
953 94
985 59
51 27
135 86
100 29
345 4
595 12
228 6
1009 18
999 20
419 4
738 92
321 9
880 28
133 30
992 41
875 50
689 24
45 5
58 89
657 31
937 51
825 35
155 31
778 87
852 15
892 40
493 91
801 24
486 62
290 47
731 51
913 41
455 41
86 27
935 95
839 3
496 89
586 61
993 27
695 36
17 84
134 8
474 32
915 88
549 97
427 29
427 56
908 41
536 57
405 1
447 28
478 60
507 89
885 28
353 74
313 93
20 93
110 73
949 20
317 34
888 39
816 20
583 61
39 31
241 60
435 48
840 94
474 41
486 59
785 86
420 46
780 31
1009 80
246 98
128 34
63 9
767 38
310 74
331 45
978 29
512 43
324 63
1016 7
766 86
506 2
164 16
552 6
224 40
757 45
728 50
463 26
950 19
726 89
559 11
919 3
850 21
314 46
218 12
870 12
334 30
835 38
376 74
446 40
669 92
1019 6
124 35
283 6
537 70
444 45
1008 69
552 71
665 20
238 31
234 62
248 87
218 61
617 28
73 15
998 42
658 38
703 51
1010 9
21 31
466 49
66 25
278 63
714 10
