636 8
853 44
177 42
753 99
648 87
457 98
305 10
755 19
255 36
33 10
1008 75
533 32
926 96
371 98
753 65
618 58
654 11
745 48
35 29
344 3
818 62
667 44
587 12
589 17
144 8
845 31
446 85
701 43
540 10
785 19
173 85
497 4
549 81
682 50
15 94
824 15
929 79
557 49
382 69
443 99
901 29
590 35
314 2
781 46
450 64
798 99
727 41
141 57
1009 87
527 8
699 55
409 51
840 28
504 88
834 60
674 76
84 2
174 95
124 15
962 27
774 76
900 29
265 95
440 97
874 77
821 67
40 37
171 31
134 95
113 76
271 43
319 19
715 29
958 66
663 57
652 50
562 4
689 48
274 55
814 22
431 25
186 84
795 85
608 8
93 16
654 95
458 65
944 62
706 92
426 30
770 16
54 62
537 68
896 45
679 59
735 26
167 87
548 58
194 87
974 82
344 54
499 15
326 100
989 24
686 22
957 80
965 95
788 43
470 76
177 7
660 81
137 25
821 31
47 1
989 87
677 55
912 40
299 27
947 19
362 41
356 39
833 24
257 100
137 92
733 13
998 51
979 7
905 40
802 87
297 43
68 5
528 15
267 58
66 43
3 86
538 89
354 48
761 26
750 83
624 61
542 66
721 66
458 100
583 96
8 23
34 17
310 55
875 26
69 55
937 22
54 38
598 35
808 45
322 96
364 67
191 15
247 84
783 82
522 17
844 58
431 18
966 54
789 82
268 16
853 66
639 39
543 100
428 41
213 75
975 8
815 25
260 75
428 11
559 43
591 6
588 72
147 2
353 80
1012 99
278 86
924 64
620 8
603 36
211 7
369 10
621 73
279 17
531 23
75 46
848 39
595 31
280 45
193 46
703 9
34 56
8 42
557 76
183 66
209 60
727 1
307 54
550 89
166 13
519 30
705 21
596 78
809 67
269 70
621 31
928 98
436 99
741 76
120 96
126 39
121 51
659 33
230 67
699 5
253 43
861 30
583 14
870 44
332 23
189 52
87 60
234 68
823 85
485 88
369 88
991 29
248 59
496 68
251 5
220 45
104 91
64 67
248 68
676 55
28 14
361 12
963 2
331 8
155 7
574 64
1003 43
181 40
447 44
486 15
795 75
501 7
715 88
413 37
281 48
690 84
839 11
287 89
427 36
589 16
173 22
361 48
815 80
459 34
529 37
330 63
195 38
953 93
222 14
734 71
688 31
498 54
40 80
415 21
813 62
438 2
614 61
625 19
791 24
454 46
212 93
506 8
354 55
931 80
201 20
79 51
744 10
893 3
641 77
857 28
627 58
61 54
437 72
576 52
617 44
1005 89
582 99
134 93
582 98
359 77
636 40
896 92
731 25
106 24
383 1
163 92
703 20
153 84
82 38
576 9
307 5
263 35
1018 57
875 17
679 45
284 56
785 28
423 77
13 53
494 34
160 90
379 23
462 98
878 86
306 12
664 7
157 95
674 29
173 45
562 37
13 19
196 64
403 98
498 27
844 98
762 34
282 58
523 41
619 37
565 88
955 86
675 95
833 16
306 79
951 27
206 2
81 82
662 36
365 80
527 25
222 79
330 63
362 3
54 84
113 42
143 46
412 65
879 21
291 98
968 40
545 31
830 13
887 27
374 58
413 55
395 57
407 14
505 28
542 92
379 91
619 70
408 77
857 43
542 90
422 48
14 79
906 64
308 89
884 88
824 90
709 72
671 12
607 62
263 22
37 7
75 13
1014 82
171 83
658 66
467 29
156 20
774 15
643 95
225 91
400 86
90 100
272 38
853 64
767 5
695 77
847 32
957 34
159 67
784 73
758 44
208 2
242 25
89 29
402 83
138 93
651 64
376 63
355 45
428 94
330 95
806 12
673 97
890 16
900 59
826 31
869 11
790 33
690 5
807 73
29 16
265 47
57 32
717 15
963 67
806 89
455 54
768 87
418 83
530 58
261 36
80 69
337 91
711 27
133 49
228 63
433 88
349 99
725 94
430 18
555 28
730 7
53 36
42 77
75 72
852 15
686 41
679 1
144 83
189 66
608 91
343 82
78 92
16 66
415 2
631 65
688 70
710 32
911 57
66 57
286 39
555 16
521 14
208 58
706 2
125 11
805 11
109 11
548 83
30 96
958 42
365 55
136 76
403 8
344 96
746 91
301 30
862 74
610 81
342 65
375 40
312 2
1002 6
818 5
704 9
164 61
468 26
608 32
124 10
85 66
356 21
907 80
31 15
796 62
475 76
844 81
976 81
570 91
437 39
243 1
201 37
272 44
773 93
285 81
96 35
375 6
290 9
463 65
836 38
260 40
7 35
829 15
136 83
42 15
797 84
718 37
807 73
371 99
552 96
573 45
987 14
355 55
716 52
302 11
855 24
145 68
1003 85
741 2
530 46
750 66
597 91
597 39
918 69
226 75
756 78
762 95
991 20
553 23
347 85
58 74
512 4
351 66
603 47
485 18
636 48
128 23
838 31
937 63
246 82
772 98
720 65
911 10
731 54
780 64
182 1
764 8
165 17
593 67
56 85
83 47
68 91
925 77
231 35
276 43
350 43
980 70
814 67
68 62
982 45
512 83
662 10
618 82
335 69
247 79
851 8
451 89
404 69
807 93
560 93
435 24
907 74
971 47
144 91
57 47
391 8
708 86
163 17
659 83
332 79
635 24
178 88
417 80
721 55
433 71
686 13
229 22
964 14
674 87
947 1
816 10
277 10
978 73
449 2
738 51
920 57
798 93
17 57
415 87
147 70
982 57
460 62
485 66
961 87
338 3
677 68
758 80
128 38
144 22
720 95
395 42
721 39
47 59
316 85
459 92
186 52
200 13
978 34
933 29
668 2
185 19
833 58
728 42
58 78
621 91
953 7
502 54
429 32
472 38
627 2
158 42
388 81
945 32
949 51
898 56
441 33
189 91
340 56
476 83
9 73
396 60
105 8
706 59
153 65
215 5
956 73
848 27
766 75
947 26
756 91
192 98
282 78
827 23
908 99
44 66
310 57
721 36
418 24
475 40
824 91
931 27
211 89
916 99
86 34
254 47
315 62
689 74
985 2
190 65
794 60
13 66
670 5
820 78
45 31
342 3
593 81
714 32
922 68
514 88
1011 94
659 35
804 86
168 69
872 10
799 47
523 41
749 87
363 21
445 19
228 64
1003 19
242 86
865 64
590 27
497 17
798 48
634 70
1003 50
770 61
945 66
817 3
682 65
334 11
597 58
31 23
929 53
963 60
783 100
644 65
588 88
67 78
605 32
997 97
57 91
667 27
589 35
590 2
285 28
279 14
960 64
846 39
464 74
775 57
245 25
330 6
646 31
408 62
585 73
402 48
926 49
416 62
142 70
216 4
887 81
987 27
12 44
842 94
683 75
891 41
724 35
910 97
360 28
50 64
369 11
888 57
364 88
838 89
126 38
880 9
204 73
327 40
736 74
395 55
255 45
863 4
920 98
551 80
414 30
184 4
476 75
993 33
759 7
244 97
947 14
302 89
3 64
984 75
232 97
385 61
544 70
988 81
871 23
126 55
319 50
294 41
182 1
659 32
806 22
187 99
985 89
263 71
662 62
945 63
892 96
470 3
72 73
127 69
157 64
282 60
360 81
654 5
284 43
264 1
517 17
218 20
952 9
194 6
944 83
210 80
278 6
337 79
701 30
834 87
401 35
928 80
707 87
36 28
449 24
477 33
471 85
251 47
984 15
1003 40
996 85
182 74
503 11
34 17
321 98
910 46
335 12
254 39
616 71
581 68
508 67
737 51
824 8
330 39
30 60
190 43
559 51
752 92
198 37
10 65
741 58
559 97
748 19
432 67
473 60
297 42
594 78
596 41
449 95
227 6
95 81
608 70
804 21
112 26
1012 20
655 87
64 82
491 60
310 79
940 21
615 3
154 41
1008 10
179 71
1009 73
998 53
954 52
129 12
831 58
421 36
469 87
275 51
440 33
685 50
973 81
585 20
14 59
998 12
849 93
180 58
817 6
262 2
439 97
149 67
742 79
412 40
843 58
191 91
89 60
576 97
991 46
138 33
967 16
844 83
413 49
460 25
663 45
429 78
994 27
849 59
371 66
106 36
254 26
670 82
248 43
729 31
116 99
329 87
695 83
849 30
346 71
49 71
673 30
977 85
480 2
444 38
239 1
766 82
746 27
861 9
233 31
112 60
889 26
130 96
834 27
12 87
581 65
551 14
894 87
901 14
674 99
61 21
535 2
999 20
707 83
779 60
715 3
244 21
890 46
516 94
478 89
501 36
886 87
362 74
698 77
735 44
280 31
129 99
963 48
1019 71
9 61
156 38
454 85
797 43
25 31
148 61
57 84
783 49
751 37
690 44
896 91
203 52
605 30
732 20
307 46
1000 77
453 86
479 94
475 73
29 51
312 91
628 42
622 72
212 55
235 86
814 28
884 37
733 66
642 1
301 69
862 91
68 43
127 79
360 49
1017 14
256 2
106 79
36 72
202 2
422 65
139 26
901 43
471 90
222 87
267 98
175 79
1003 16
254 50
437 82
120 70
733 5
239 82
24 29
733 10
503 65
37 75
617 11
782 99
344 87
697 53
275 94
181 88
82 96
906 10
379 47
434 7
1024 43
870 34
775 99
842 76
914 93
616 27
136 60
486 76
13 28
654 75
147 92
827 30
814 43
17 25
271 19
589 100
531 59
207 31
179 79
763 74
427 27
721 65
956 80
900 22
1002 35
396 2
46 29
399 5
432 16
657 22
251 25
773 28
50 67
500 80
628 76
278 19
422 58
991 4
522 81
287 30
294 21
419 32
420 77
857 89
965 92
46 54
894 91
942 88
545 2
204 52
206 15
302 32
692 87
243 96
753 65
981 2
806 74
490 28
947 16
965 11
255 12
944 15
487 57
976 77
865 95
747 94
329 78
920 95
749 68
311 65
870 62
532 6
156 56
991 75
17 75
436 66
856 17
991 16
515 9
492 58
250 97
680 99
713 46
506 80
868 31
376 17
1016 41
656 12
742 52
861 36
257 88
175 59
896 87
866 77
814 28
336 38
501 46
717 20
728 42
106 67
390 97
765 60
65 93
679 48
971 16
941 20
971 89
492 54
731 33
489 37
39 31
635 40
511 21
472 88
802 81
370 98
341 98
193 61
249 90
739 81
743 98
692 52
137 10
918 80
273 95
945 64
844 93
8 41
346 66
111 66
633 93
155 27
37 60
941 46
589 94
520 85
770 28
798 84
265 26
550 7
1012 66
879 77
325 51
31 53
955 2
604 35
136 95
709 7
581 53
273 23
165 50
273 4
128 65
178 86
842 16
399 61
196 78
553 33
553 77
490 75
649 78
248 84
75 50
817 58
1016 32
758 2
348 39
486 61
285 34
562 100
744 17
291 97
389 74
933 53
909 87
343 29
432 93
626 24
182 81
975 21
309 50
471 44
96 30
230 24
19 36
265 40
1019 64
71 100
957 37
102 43
181 26
733 7
293 84
604 26
962 20
725 7
319 73
134 12
933 19
61 59
461 16
80 55
387 41
358 84
127 99
255 7
422 10
2 90
188 12
945 27
630 25
899 24
424 24
882 49
622 53
944 84
356 79
148 92
30 100
803 64
1012 41
193 8
524 59
767 85
923 36
219 97
728 72
240 58
376 70
144 48
267 8
168 3
24 87
781 68
23 25
480 28
80 91
426 68
746 19
841 96
589 65
549 28
363 64
34 45
1019 43
216 25
285 7
517 15
151 72
333 73
512 68
254 79
462 35
876 90
933 34
198 33
960 83
304 81
598 74
895 49
930 3
401 71
55 48
840 95
383 37
654 16
726 19
546 9
1017 30
19 87
84 27
113 81
257 53
911 44
644 68
494 34
289 73
787 5
974 87
100 2
702 6
318 80
164 77
568 62
209 88
582 1
324 47
644 59
897 36
428 74
350 81
748 98
27 47
137 59
855 10
508 59
106 95
874 21
335 77
628 4
865 1
599 98
80 25
107 83
189 82
698 83
751 95
187 17
770 60
982 94
296 38
154 77
965 29
345 71
930 38
685 63
204 58
589 32
10 43
444 31
722 62
166 80
143 86
486 92
802 84
230 72
118 15
849 42
392 59
679 92
504 67
488 56
330 84
652 30
883 35
503 16
553 57
838 31
168 25
615 41
316 23
798 47
800 94
161 92
396 5
296 44
450 71
752 96
484 4
282 66
225 52
338 8
52 96
671 75
185 66
264 58
770 49
560 30
268 62
120 85
117 85
98 44
260 43
712 9
794 43
669 54
730 52
874 86
781 53
493 40
919 5
907 39
215 10
886 43
554 33
546 9
28 19
124 14
272 9
619 42
301 44
807 2
983 77
482 4
879 1
680 29
82 47
110 11
321 94
189 64
460 12
291 76
222 100
327 27
833 31
863 26
391 18
278 24
998 11
98 98
261 2
892 20
245 41
287 32
614 66
829 81
35 29
898 36
590 21
1009 90
303 36
885 32
232 23
624 83
370 76
909 9
863 72
922 92
213 67
378 65
468 25
95 37
479 22
66 84
315 57
481 63
191 12
142 82
467 63
49 54
745 32
307 89
277 19
189 43
50 66
613 92
698 13
903 1
260 18
620 55
114 25
23 26
415 97
610 9
990 11
731 100
555 90
736 32
466 73
646 81
140 15
274 91
293 26
762 73
593 78
125 100
120 21
467 99
166 8
12 29
142 59
215 29
76 4
34 46
155 58
455 49
220 5
893 33
243 74
294 6
409 64
106 17
50 4
380 42
410 55
211 81
189 1
512 100
305 65
170 75
