3674 7
3887 99
2082 91
1481 74
1139 100
3276 25
1197 69
2758 45
3470 4
1691 94
108 78
3628 25
552 91
274 29
3951 89
926 75
1796 68
1005 37
3714 54
433 44
1464 26
3221 60
354 8
2319 14
2459 73
29 15
326 14
1024 66
3395 29
1699 26
98 4
1013 19
1098 40
2000 71
724 70
1053 29
53 57
2610 7
2712 3
1246 50
2342 59
3357 96
3281 19
1551 5
1865 2
3994 23
3021 45
1658 78
3495 62
1177 36
1250 3
1737 73
2565 83
3238 22
3383 45
2506 52
1311 21
1924 7
1717 54
2471 6
3996 81
968 11
1634 82
2615 92
3107 40
3504 54
306 28
1093 45
2832 27
3662 30
3190 15
1571 73
1274 79
3351 99
61 11
3179 43
1081 68
8 15
495 11
589 1
1946 94
3824 39
3619 62
922 10
1923 3
1636 92
3921 56
3795 92
871 6
680 7
724 57
2997 54
2661 92
849 64
527 38
2451 68
559 84
3574 39
3980 61
531 65
238 72
595 14
2796 26
2157 27
1803 91
2977 2
2607 8
1270 87
3031 42
2034 44
2684 68
3194 19
3505 42
1871 94
2772 16
3293 79
2568 71
3731 87
713 17
1389 17
1476 38
1624 1
175 28
3186 38
2287 50
3537 83
1898 62
3672 22
1304 20
1495 3
3063 92
1943 95
1364 34
1937 33
2913 92
3070 41
2151 65
3584 2
1354 20
1256 26
1521 88
2295 37
1241 14
3890 51
2661 52
3497 20
1534 71
2961 42
1511 77
2971 30
2213 69
2712 8
23 82
3443 45
641 19
2838 3
1018 13
3676 64
1412 23
1320 65
2564 10
344 33
460 4
2820 17
3023 72
771 79
1559 96
3745 100
3970 69
2662 71
2246 61
239 39
2947 88
2603 85
2831 65
19 20
3512 16
2561 67
3361 63
1245 40
3261 71
3238 75
262 87
3331 19
2037 68
3049 64
1794 57
1327 37
3591 2
3984 65
3450 23
3089 68
3004 25
3185 28
1773 62
1731 54
1529 99
1246 25
879 59
406 97
3424 77
2385 53
4022 83
2867 90
1612 65
2338 51
3283 5
4036 54
1457 65
2286 9
2977 73
1227 4
2692 86
3800 14
3805 27
1486 69
3380 19
3359 86
2947 14
2918 7
1465 54
3878 17
3451 28
2171 36
2378 55
1789 89
1553 8
3100 59
2036 20
2377 62
1537 94
389 61
1505 81
79 2
1703 26
1170 95
684 84
2164 34
880 92
1717 47
1554 12
70 36
909 9
690 43
69 97
1638 76
1740 56
5 31
302 7
671 17
887 82
1492 45
3846 70
1688 99
2393 72
3371 19
3602 3
3310 16
3621 93
3428 34
3611 22
3670 33
2721 47
3932 34
1292 2
4034 24
3805 33
65 18
3119 24
3576 94
2187 6
3408 10
1557 51
3725 43
3526 59
3442 62
1869 40
1814 72
923 27
3004 52
3565 52
586 98
512 88
934 47
2555 73
3003 75
840 93
2207 14
3296 54
2987 19
2152 92
614 30
1948 94
3765 18
1844 8
75 81
3892 19
1368 5
1379 42
4031 79
179 12
1063 91
3185 23
2748 10
3925 20
300 18
2408 85
1206 34
2352 12
3711 48
3158 36
1674 31
634 14
1376 64
1683 18
3456 39
3432 33
174 94
653 22
463 33
1933 59
1612 10
602 44
3419 81
2121 65
1228 27
2432 70
853 46
2188 36
1784 49
1111 85
2201 64
2727 28
3130 57
2016 63
136 37
2860 54
615 99
1054 69
810 88
1768 90
768 2
2725 66
2333 73
3049 12
3620 34
1295 22
828 43
114 75
383 55
3347 1
2173 95
2228 81
4072 51
143 20
3896 4
54 69
3783 2
2171 32
3022 99
1329 23
1834 37
2963 81
1505 24
1883 40
143 3
3590 27
1144 99
1697 17
542 60
1644 95
3685 14
1940 97
3047 9
464 90
2455 11
1444 17
3923 79
749 61
659 47
1274 45
2862 22
2247 50
2845 33
4052 47
3388 82
997 32
1369 41
3771 64
1339 23
4076 18
3570 7
2059 48
3304 31
899 50
2470 19
3670 35
145 6
2325 22
2091 51
451 4
2324 69
676 45
1520 68
1170 78
2391 45
3503 49
1740 93
3541 99
2606 84
676 64
1039 79
2992 17
1051 94
2009 42
843 74
4005 17
1773 11
1005 45
2886 10
3638 48
1482 82
4055 33
1779 69
2227 95
414 48
1476 85
3117 42
844 40
3491 84
3330 13
1310 51
783 98
1803 54
576 66
3308 16
1603 16
2310 100
1731 77
689 87
2944 4
8 74
588 76
3097 77
945 61
4083 70
3879 68
1977 50
2204 94
2652 4
2780 5
539 93
842 41
2040 15
2386 40
547 15
244 90
2299 77
2885 61
2443 29
3970 100
4093 79
1115 33
186 40
1208 33
1029 66
3421 50
462 36
1699 6
2575 59
2995 68
1689 60
2734 28
443 79
2216 2
1513 95
3690 35
738 10
3402 56
1146 52
1640 69
3583 24
1100 80
1152 60
3524 29
1986 30
697 51
627 60
2781 64
3389 84
245 7
1409 30
2468 6
2922 70
1389 29
377 73
3712 17
2782 83
640 56
595 6
2087 70
4059 12
315 12
1311 59
226 44
639 55
3488 58
2920 73
2076 92
787 91
1791 71
3850 94
1649 88
1883 34
2608 33
3412 71
4086 26
3001 61
1041 57
4081 67
3252 55
1831 82
1741 2
2212 7
111 72
1433 96
1657 39
2610 48
2065 13
1761 25
3120 55
3762 75
1953 45
3870 57
782 60
1909 56
122 78
661 88
3438 51
23 60
1945 78
2916 91
3153 29
1061 21
3488 73
257 95
3956 70
2204 6
1116 12
1052 56
2544 37
3978 23
2460 57
879 58
2092 44
1766 79
633 38
2212 62
3752 65
2674 94
2721 45
1295 3
2519 59
873 77
2001 18
745 90
132 92
1588 46
1212 81
710 73
3343 52
4021 52
823 17
1618 7
804 21
3400 73
2607 80
3646 19
1055 88
3434 74
685 58
3323 15
3164 46
2628 67
2388 4
2832 57
3555 99
437 3
2229 95
2310 42
1626 24
1605 15
2139 82
3444 62
3125 99
3624 35
2378 33
2874 29
1683 16
1301 5
1561 6
3141 7
1824 43
2259 58
470 70
2214 33
3380 9
1739 74
1744 17
1654 83
2740 58
2656 90
2690 8
2486 21
3768 69
231 82
3842 32
1979 61
2859 7
769 92
2178 79
2246 23
2035 73
929 66
2435 26
3074 71
1976 46
899 3
2527 20
4081 81
2006 81
3247 20
3598 58
1655 97
3123 59
2667 40
1436 52
4022 63
1762 97
196 58
2768 44
3551 42
1817 45
2025 29
586 93
775 67
3953 99
2539 84
3312 32
3981 32
997 40
3375 28
377 48
3451 10
3604 94
3 72
68 29
4066 63
1384 24
2465 54
3995 27
1524 81
3633 11
2367 66
3085 58
455 3
167 88
228 51
503 80
688 32
2503 23
2963 84
3576 23
1025 82
3494 17
3541 37
671 26
375 90
1531 15
382 79
3958 44
1814 69
2287 91
439 53
1110 46
1536 45
3079 59
1890 44
2170 97
1056 67
3957 50
2339 89
4051 100
3163 81
1459 21
716 3
2464 48
2594 96
2598 58
1659 41
3861 34
892 63
2322 50
1592 13
464 14
1968 88
3319 50
1183 37
172 77
1817 38
3089 59
4019 3
3963 99
1262 58
2051 19
928 11
2011 39
3543 33
3169 55
3417 93
3674 61
2791 85
3271 90
3984 76
515 89
1894 38
953 59
2566 63
2463 36
435 7
873 36
3888 100
2164 96
1598 6
3311 2
704 47
2794 21
2449 64
3497 76
3499 92
3596 15
1660 97
67 88
2347 65
4003 30
115 26
3195 39
1827 67
700 69
3965 65
3037 100
3816 45
1618 67
2633 38
118 55
1655 98
1672 85
2767 50
1460 30
2324 89
2110 73
1827 63
1298 50
1069 69
1070 77
499 16
1825 93
469 64
1289 68
131 77
1269 81
3740 44
2755 63
1159 86
2200 31
53 88
2945 16
3722 67
2146 75
1018 86
1999 47
3843 47
613 68
1798 53
276 63
2427 1
849 3
2302 10
479 92
831 85
281 84
3529 49
828 7
3907 35
269 55
43 59
877 88
1027 72
1394 15
3961 33
920 14
565 73
916 56
613 23
1663 23
3102 15
634 92
1786 66
1355 75
3174 94
726 67
368 33
828 85
3398 76
767 75
4084 25
542 41
1572 70
3922 16
2060 43
1512 39
2033 41
1454 61
806 30
816 24
161 27
1091 16
76 94
2526 96
52 72
3794 67
223 94
3237 21
3412 4
2128 54
2877 89
3582 44
1889 69
240 29
2749 93
2922 85
2438 97
2298 43
3267 85
3352 71
913 31
1138 41
1216 69
1128 55
3028 63
1345 11
2243 86
3446 12
3640 100
3764 91
1199 34
1348 8
3263 91
3868 97
1076 34
280 63
1384 37
3136 66
2694 91
3295 50
3684 19
1166 17
3996 74
2137 62
1298 43
2474 66
1058 17
144 33
3102 50
556 10
2001 73
2087 99
2857 2
3582 73
2268 77
1741 56
3542 7
2982 86
1397 23
2778 46
359 32
3674 100
2446 50
379 73
1896 82
110 39
1479 61
68 34
2422 24
3234 66
3152 13
1524 18
1066 30
1043 18
879 90
295 16
1512 23
1161 31
1030 22
2355 11
573 52
4062 9
2891 64
1742 59
1729 96
1947 85
4008 35
2894 65
1105 87
2361 34
1482 44
1617 78
82 11
2029 69
3044 29
2150 10
3121 80
1991 12
3824 91
2543 28
4067 62
3873 8
798 59
1078 78
800 2
1166 84
1948 86
3657 37
3208 63
2616 56
2109 41
1866 25
485 90
1023 73
2992 91
4066 98
839 38
312 90
3511 43
3619 71
2233 2
1333 31
2588 32
3672 8
1850 51
4079 46
2830 16
1528 66
2478 59
2808 91
290 12
694 55
2355 43
3495 91
3960 86
2569 73
1797 22
3150 62
2415 100
3819 67
3040 33
2254 73
1085 82
2359 39
2278 92
2234 17
220 100
2743 17
1105 11
979 42
362 59
778 16
2684 73
2067 3
3182 57
3305 69
2874 52
518 27
2478 23
1488 75
2623 14
3169 1
280 77
2011 20
3217 49
1125 71
3359 10
3310 23
613 26
2682 81
2442 22
2666 43
3061 91
1375 88
1665 3
145 95
3417 67
3598 47
2267 46
1634 39
2026 36
1765 66
2239 62
1179 11
2819 60
1786 94
1377 16
2029 50
1729 2
2532 32
1446 63
2878 32
362 88
1373 79
2896 37
1522 97
1114 45
288 57
2989 28
3990 43
2524 77
3948 81
3115 34
1576 54
2054 48
925 22
3302 61
2441 22
3567 60
2401 29
180 98
2097 64
276 26
1448 74
3261 45
2766 37
2614 57
3060 55
976 2
504 7
520 10
1506 20
517 44
40 43
2684 53
1291 38
2839 65
3490 26
2529 63
2113 54
2790 99
3637 66
293 6
3394 19
3240 26
4040 93
2494 90
3951 23
1305 31
3893 23
53 67
1536 33
3209 2
3246 85
626 63
1035 83
417 99
1680 55
3837 21
1481 31
692 72
4056 43
715 68
3545 71
1398 89
3075 12
751 77
2037 5
3924 39
1243 69
3306 22
316 84
760 51
1518 69
3210 5
3527 16
472 96
1942 8
2158 81
528 61
3599 30
1622 48
2278 89
3628 46
641 72
573 56
3778 83
1877 98
1282 64
3293 52
2463 28
2014 45
3487 12
2919 44
748 73
3330 29
1110 35
2489 69
1642 31
3215 84
3481 40
1508 58
1022 45
2805 93
3887 5
561 31
2134 24
902 12
1847 83
2752 78
1400 23
3143 50
131 15
4004 2
806 52
2885 18
755 45
2895 50
557 65
4029 2
1051 38
73 62
2841 41
1963 68
2605 69
1194 42
1380 96
3733 83
2102 21
2961 32
2229 52
3757 39
838 1
46 56
2480 97
1652 15
747 98
2858 100
1790 78
3759 29
1539 33
3231 5
1972 100
322 90
2183 44
1308 72
1194 21
3789 46
1037 21
3107 89
2455 38
171 28
1022 35
126 54
287 31
2999 11
402 53
3067 1
1794 39
687 28
3075 23
1739 12
624 50
3782 47
3167 93
269 6
1113 17
2968 90
3018 50
881 43
802 60
1427 67
2116 89
2466 92
1165 75
1349 8
1764 90
2901 51
2900 94
373 89
1626 86
2245 47
873 82
4032 49
186 4
2425 17
1529 89
444 32
3851 93
309 7
754 1
3644 61
509 14
315 86
2010 93
1617 19
812 3
801 19
3304 90
3337 59
2235 63
3605 69
489 84
3197 98
46 51
2963 36
1547 22
736 95
3437 24
3587 12
24 9
3927 72
159 80
1016 51
1287 78
2850 43
701 91
1134 71
2816 88
1496 2
2010 40
2362 44
241 42
2893 46
1106 74
1387 94
751 64
1282 63
1374 49
348 44
3532 77
1617 32
3093 10
744 86
2996 22
3132 23
1184 16
160 9
2324 74
2802 97
1945 1
3013 27
1559 29
364 75
2137 34
1558 83
1842 30
2519 3
3985 54
3184 5
2478 89
1471 18
1314 73
1151 68
3624 84
1604 61
2556 57
431 71
2070 26
3872 44
4036 7
2749 24
699 40
1432 27
2820 76
337 55
2948 5
3581 56
2965 12
1077 89
1678 94
1818 77
794 30
1028 71
2255 71
2056 14
980 24
3264 82
1073 11
3448 42
1197 1
1022 50
1316 88
245 73
546 16
172 82
2218 7
1733 75
842 34
961 30
3890 20
3684 100
2173 68
1157 82
3837 68
3249 23
1952 15
3170 77
3278 97
3200 61
866 14
2961 5
3521 15
931 81
2867 91
1861 87
536 7
1772 37
885 14
259 7
2400 93
136 83
698 49
2379 32
2403 59
1308 29
3385 78
1385 13
700 72
3743 42
666 40
1139 40
1275 45
2933 16
1246 53
289 3
2329 47
2742 100
3547 41
1716 9
109 38
3777 61
2540 2
3683 33
3817 59
2302 15
670 75
503 28
2729 5
2336 84
3598 1
946 96
1367 45
2232 37
783 66
3692 98
1164 74
3315 18
3078 23
1919 39
1583 14
1280 65
3648 4
1088 23
788 51
2438 49
3353 98
3346 46
3060 95
450 5
3117 97
3405 33
2814 37
330 12
2753 70
1342 47
3854 33
957 80
3279 22
3003 62
3266 37
1381 91
1118 89
4089 30
3120 48
1402 91
935 85
3582 61
1206 8
3776 77
2365 18
178 24
781 83
2755 26
2010 30
1330 48
2762 15
2263 61
1224 17
3386 70
2293 94
1922 94
1630 35
2330 28
3946 90
1667 62
2901 60
1138 89
3310 5
1443 51
2890 11
1345 4
2622 3
1281 56
4046 52
2514 20
875 94
1957 63
1359 96
2797 94
4075 86
62 21
592 32
1566 62
1597 77
2467 4
3154 95
1830 38
434 42
1793 3
3108 88
2712 88
3731 40
411 56
2100 13
1861 8
1082 35
2167 15
3079 74
2116 46
379 90
1861 48
2207 97
3601 42
167 73
3881 98
74 74
3422 49
1305 78
226 17
118 78
140 30
3309 57
3280 88
829 38
3917 100
2347 48
2227 93
24 89
1473 85
414 25
3811 71
724 39
2834 37
1740 88
1125 23
1712 93
3324 31
2908 15
613 51
3678 54
4022 65
1390 22
919 88
2384 87
3964 4
10 64
3708 85
2441 61
1255 69
3299 10
34 84
3799 35
3994 6
1141 78
2714 93
3027 84
197 54
2716 99
1916 6
1175 83
3523 25
1703 78
2640 99
2686 72
667 75
1568 25
961 38
1820 41
701 9
3412 52
3832 100
2922 77
1556 1
744 79
3742 41
2569 39
1534 28
1327 3
31 1
320 34
2859 100
2485 55
2571 70
4007 63
1326 67
1943 25
3886 54
995 34
3604 30
1733 18
395 17
1106 26
3976 74
200 95
1462 67
1152 37
2192 15
3020 32
2851 58
1451 26
3608 37
2702 74
694 39
2839 28
2315 37
1666 96
3520 68
2503 32
2559 91
3905 89
3392 62
3770 44
2374 83
2614 56
2135 64
412 77
710 69
2879 94
1021 33
179 14
2435 14
1084 4
783 42
99 78
1590 77
3981 62
2211 1
811 72
2305 96
33 80
2968 66
3453 18
2419 69
2390 83
1155 80
2971 68
3483 79
3063 27
3903 93
1551 45
133 68
162 37
69 61
269 28
3545 91
1888 10
2039 98
1662 5
2347 65
2759 77
4002 85
2317 30
2297 100
1977 68
4060 1
1139 29
1837 85
259 37
2001 71
5 98
1492 75
948 65
507 66
1627 34
3146 23
2275 44
1766 48
230 11
910 66
889 97
3553 63
1068 88
2541 89
2797 79
3628 85
3805 69
2070 41
846 36
2196 83
3241 62
3926 40
282 17
2756 61
2404 2
2925 91
930 31
4031 24
3081 88
2523 25
1804 49
3454 12
2778 24
3885 86
1718 50
3619 42
58 80
163 11
1903 58
154 7
1182 75
3479 37
2199 24
3572 28
138 3
3029 79
132 39
4078 66
3252 19
979 3
1777 77
1350 100
1293 35
319 25
2958 58
3092 21
109 25
801 4
3772 62
839 38
4072 37
1263 52
2393 87
2760 90
2628 29
3484 72
4001 69
3573 79
481 62
2892 26
2740 72
1948 21
2453 62
1085 27
3225 10
1526 53
1820 75
1551 80
955 2
1379 83
1876 76
3465 92
435 44
3942 64
1376 63
2108 35
844 61
2236 81
3918 51
13 14
3987 46
1608 59
341 97
3129 32
259 87
1641 14
1679 94
548 32
2797 71
2377 4
2717 25
2828 76
900 61
521 33
3079 91
2338 61
1806 76
2935 85
2461 28
4062 74
4041 44
2838 62
1253 14
2087 91
1229 81
498 87
3301 78
1159 2
3637 5
1367 82
3403 79
3694 32
83 31
1014 86
3034 25
1628 70
1866 93
751 64
728 51
3180 98
196 42
722 52
1327 79
821 29
3822 41
1551 62
2560 79
1098 47
1881 91
2114 25
2503 40
685 44
1210 27
1903 31
3468 30
1979 48
427 12
617 93
1336 100
1170 58
2260 23
872 9
3201 38
473 34
2317 9
974 90
1881 74
3588 14
876 89
3820 73
3388 29
1982 8
452 93
690 59
2769 54
3595 44
3229 71
3027 28
825 18
3836 85
1745 55
1445 76
3507 36
1216 22
1143 94
84 12
1566 62
711 16
2677 58
3138 57
2496 86
412 92
120 52
1934 66
1265 36
4043 21
51 42
2988 89
1043 98
1812 19
2804 80
2031 16
3012 29
568 26
1912 32
508 68
1402 37
1749 32
1737 74
1702 56
3662 70
1751 4
3047 99
1486 50
600 34
2049 81
3169 41
1056 81
3654 73
329 79
437 65
1399 78
3108 56
725 79
3216 69
3820 64
3386 66
3781 68
2820 13
3973 15
3462 40
1935 77
2328 98
3494 57
2064 39
2058 68
3497 25
266 25
411 94
2731 51
2117 84
382 34
2423 95
3667 1
735 37
2889 84
2297 5
1799 3
1467 36
1044 19
1836 53
3053 6
4073 21
3209 69
1089 40
1788 35
3598 23
777 82
3317 29
2940 26
540 54
956 35
1645 57
3662 39
3785 7
1882 97
2616 33
3215 3
54 83
3262 55
517 32
1031 1
3422 4
2586 29
3696 65
3741 95
2664 10
2340 81
3704 83
2741 98
789 19
3952 94
3136 18
1848 64
2144 92
131 64
414 71
465 90
803 35
3450 23
3035 80
2393 21
3193 92
1095 4
2750 84
876 61
325 43
2860 79
1970 100
196 66
1796 18
2846 73
241 41
3141 44
3015 37
2491 12
1202 58
2802 81
1566 24
1320 86
2903 87
3951 28
2888 96
2909 23
3658 39
4063 48
4060 71
2904 28
1808 13
879 10
85 36
733 43
2258 14
490 39
2542 49
567 32
722 44
370 73
1831 76
659 50
3541 8
1057 68
442 58
1812 91
3475 64
1891 62
294 76
1315 80
3104 12
2507 24
446 34
3495 37
2843 45
2823 19
2742 8
699 5
1152 29
604 31
71 12
3877 28
3846 23
582 20
3407 61
3321 23
1556 62
508 28
479 61
3005 8
2535 66
3731 25
463 69
3014 2
3699 46
3916 49
1512 83
1877 60
1111 73
3462 29
4041 35
2220 47
2829 36
2941 40
3974 49
4076 43
3099 64
3266 4
3799 54
3083 10
274 85
1617 7
3506 97
2702 28
3066 89
3838 16
231 62
3524 68
3633 94
279 25
2066 75
193 72
2279 50
1911 42
3896 97
721 97
2191 51
608 40
1603 61
293 49
2312 87
2592 94
3268 11
1447 59
2522 96
373 33
1948 63
3830 62
2847 45
2290 20
3721 45
3596 91
852 98
684 25
1821 83
2646 29
1896 100
