102 31
4070 44
1541 8
531 42
1678 98
497 41
2243 7
190 38
3091 82
725 76
1219 46
1656 42
2162 64
2145 71
591 55
564 24
1486 78
693 78
2241 48
66 78
3452 55
1194 31
2842 36
3237 13
219 86
347 45
270 84
2335 39
1167 1
735 67
1897 3
485 82
1321 36
1720 15
3795 98
2529 11
31 73
202 48
896 54
1720 47
3761 66
3193 26
2917 36
1400 1
813 15
1719 99
351 11
3745 13
363 75
3678 32
3957 83
1179 93
996 87
3855 44
3765 37
1229 72
2177 94
888 32
265 6
1095 33
947 50
1473 12
344 9
3546 56
2180 90
350 10
1609 57
3619 37
2995 95
960 77
3887 72
545 41
929 6
1517 45
3450 9
1004 98
3101 29
455 34
3999 57
2970 50
3683 31
409 30
958 98
127 69
2556 8
3524 66
3859 55
617 22
3809 63
3826 34
1871 84
116 55
2258 74
196 41
3455 12
1044 25
971 99
2695 73
188 34
262 40
4075 19
3986 17
3564 4
3668 61
1596 35
2960 51
3448 67
1865 12
555 21
4062 55
3950 71
1317 50
2898 1
3294 35
1401 92
3494 97
4019 60
1491 14
2502 80
1159 49
535 82
62 88
1662 84
3093 17
776 99
1389 75
2918 36
109 15
1116 66
3576 96
542 21
1539 81
661 59
2256 14
2246 33
1362 45
1391 80
4045 35
2849 31
1740 35
3345 68
3579 12
1209 71
3729 26
2149 43
588 35
571 91
3942 47
197 67
1512 57
769 65
2006 83
4 63
1226 39
1364 49
2730 38
2063 57
574 70
3540 43
1310 74
1836 64
2435 4
1727 95
486 14
2423 38
1891 19
1453 83
2235 1
1523 58
3069 57
1603 38
3875 10
3330 4
2315 33
2699 49
954 39
1918 75
386 94
3424 36
687 84
1604 60
2843 29
1684 82
553 84
66 24
748 37
3379 8
2798 93
472 74
470 21
347 82
1812 7
1840 12
700 69
2800 21
2040 6
3962 7
186 30
1947 58
303 48
3657 75
810 42
1529 23
1270 19
2070 76
395 48
619 31
3281 29
2411 77
2264 25
1359 67
129 21
3073 81
3175 93
167 28
2757 48
3491 58
1386 21
3127 87
811 14
1920 14
2054 39
1049 13
3925 9
936 32
1323 16
3590 1
612 78
2505 73
2526 9
1739 47
1466 31
1477 70
1881 38
2602 34
1680 38
3592 34
3958 49
3360 63
160 26
4032 69
1486 28
3142 85
405 64
2502 10
3687 55
924 69
2065 80
1480 53
3311 23
1499 24
3300 46
4076 9
3683 92
1801 86
694 8
4007 85
821 67
1610 52
3070 73
2678 82
1056 2
3602 78
3746 79
666 93
3064 7
3640 79
2347 46
749 49
2701 58
1357 41
3652 51
1703 53
420 65
661 50
1857 98
3729 6
3272 83
352 12
3386 41
222 15
857 59
2655 55
1732 38
366 23
2786 35
2984 1
1697 21
1578 69
2411 89
3425 41
1583 33
34 41
1682 93
3019 14
2622 50
690 2
2754 38
2916 36
2438 28
936 31
177 74
1568 12
3558 31
1993 45
2428 93
3315 14
340 89
1550 50
589 16
124 29
246 39
1540 75
3239 68
3164 33
2827 98
1536 67
1617 68
3471 70
662 25
4 22
3098 27
215 15
767 96
3836 90
3921 32
343 6
442 53
504 34
2756 56
2447 1
619 87
3791 43
2763 3
860 86
132 10
3580 98
2808 8
2383 64
3814 66
3907 94
3798 42
2787 72
2830 68
2606 60
37 55
2802 77
1866 30
418 20
1677 92
1328 56
462 80
3715 98
2642 92
71 69
304 91
3383 62
1770 16
3540 47
3269 63
4056 42
304 71
1798 65
3087 58
3487 29
3824 35
2899 40
1548 58
2285 38
535 95
1121 70
656 46
2606 30
2030 82
530 16
1849 38
1226 64
1676 77
2744 2
458 91
41 34
1389 35
3379 26
3203 12
918 67
3732 36
3301 59
3398 17
3750 46
2405 33
3669 49
1374 29
1328 21
2057 38
925 33
1726 51
3776 99
2513 4
2679 85
1741 73
3661 8
3999 3
72 81
401 49
2243 5
12 19
2688 42
3124 1
371 34
1638 76
623 5
298 90
2389 42
3040 90
409 91
2454 95
4077 66
808 62
1256 31
1395 62
2351 55
1656 57
2701 20
3957 73
686 74
2336 19
2513 64
2948 53
199 45
769 81
1138 81
97 5
1621 50
2002 38
3998 100
2192 55
1825 96
424 3
2224 81
2467 75
1199 53
342 26
316 43
2299 74
2565 19
373 43
178 53
1698 77
1910 10
1622 40
93 65
479 52
964 66
1621 60
849 2
3614 57
2218 45
2696 57
2726 30
304 50
1475 87
496 52
3089 80
2750 16
3140 37
3938 50
526 95
828 49
1765 66
807 10
219 21
2749 74
2781 56
168 86
63 73
2924 66
450 81
2154 79
3244 56
1879 92
560 30
3253 35
32 97
3025 15
272 6
1349 57
3104 100
1846 24
2555 5
696 37
3262 23
379 50
1232 60
3067 11
3370 88
3780 99
2987 84
4006 73
3616 74
1058 8
1527 89
3904 47
2656 1
3008 80
3866 28
3547 93
1910 82
1588 88
1191 3
1069 23
1326 73
186 99
679 98
3844 57
3799 81
3897 5
3829 34
3426 84
4049 43
1615 59
1167 83
2494 83
3657 22
480 94
2790 84
1376 10
3260 86
3289 3
148 30
1174 22
1340 65
3392 60
3756 100
3813 71
1104 12
957 91
723 98
1150 92
2665 49
1244 59
210 21
2307 81
340 39
1603 56
929 78
3187 28
3544 71
3454 59
3974 19
214 91
2282 11
3996 47
2075 61
552 81
1873 69
320 54
2227 44
526 20
284 25
1091 86
621 66
1981 46
3882 72
608 19
3766 55
3833 63
2570 31
1678 11
3331 33
1460 49
462 99
19 92
3976 22
1993 38
2568 21
1472 11
3791 67
3563 29
1459 84
2766 44
2515 93
2944 57
589 77
2718 60
3235 51
715 99
1060 10
1640 22
2983 85
35 34
2440 67
815 24
666 26
48 29
631 17
4038 80
2051 69
127 57
1672 21
1099 84
712 17
2328 8
1162 59
951 31
1129 43
2674 23
111 84
2534 98
1598 29
3296 15
1891 39
179 37
50 1
2776 57
1473 89
3089 96
2855 53
683 89
1681 31
3355 4
3738 2
736 16
2638 39
2667 43
3892 8
978 30
2612 88
2524 59
3637 59
3588 83
3727 88
2816 42
3946 82
3844 21
3007 61
436 11
3535 59
3077 60
2447 21
3731 81
2643 75
701 69
493 2
1434 20
2407 70
2941 13
2387 54
741 9
2484 23
3936 49
1049 69
2278 67
1963 45
3335 4
2984 32
1041 81
1038 22
2860 76
3588 30
361 47
1128 70
60 94
3631 36
1153 3
841 10
3179 23
625 97
505 47
631 94
3320 18
2449 53
2473 14
1596 50
3696 36
1649 72
2238 22
499 67
2610 77
744 86
2509 3
4047 31
3534 19
196 5
959 15
2048 64
132 34
624 67
1066 47
4064 99
1705 26
2617 7
2442 66
2143 49
2572 26
3688 100
1124 92
3322 3
2616 83
1903 37
1218 28
1800 40
3766 41
1529 48
2605 91
3438 77
1089 61
1163 7
2394 48
792 47
860 76
3443 22
1120 11
2262 95
2892 78
383 76
971 29
880 92
4082 23
688 80
4052 74
1087 87
1058 23
1756 83
2414 6
2474 17
462 100
3425 32
2107 35
3592 80
1119 62
571 40
1999 23
3010 80
1154 40
1428 27
2349 87
1448 71
3646 92
4037 24
3971 86
939 98
2760 91
359 35
2869 57
10 58
1576 77
1332 36
190 56
2000 5
2165 53
331 14
3882 84
1088 55
94 84
28 37
913 15
619 40
3912 40
497 69
2245 18
1378 65
2356 76
701 89
2187 50
3569 14
1851 78
1024 21
3664 35
3140 80
2312 3
2060 61
2987 72
2237 12
832 60
2114 73
1419 23
615 65
194 92
1860 55
1221 70
334 23
81 1
1141 39
1059 57
2252 2
1995 2
3795 22
2740 12
1104 87
2323 20
1407 64
1781 10
930 64
672 36
1884 87
559 86
2748 54
3385 94
12 88
3569 61
2639 84
847 96
466 31
3059 63
3528 94
2874 40
2682 74
201 88
573 5
3247 35
2715 47
3475 13
687 88
1720 35
2331 24
2496 40
1147 53
386 39
2349 57
1679 14
2880 7
654 29
940 82
2303 68
1905 11
2039 65
4065 22
1050 58
1960 23
506 95
36 50
719 20
3922 3
1161 59
2388 56
2331 15
2778 57
1085 77
3642 59
507 76
2596 89
115 42
2313 17
394 2
3916 29
2718 88
3547 81
2051 29
3597 99
3466 48
2643 15
1392 51
2081 77
741 82
369 75
2049 75
159 30
1611 73
3404 82
1082 10
1242 87
2941 36
3782 50
104 74
1910 32
1784 33
2555 53
1761 63
3858 68
136 93
3362 63
1970 31
1476 68
2296 61
267 31
530 100
731 94
2409 46
3019 7
2019 30
3562 58
1863 23
2385 51
906 71
737 61
3482 31
3419 53
209 62
1563 66
1909 50
3221 56
20 31
1258 87
2203 46
2928 10
1685 52
3012 20
1596 79
667 29
1245 17
154 66
2345 12
2250 94
2289 80
3223 13
967 45
513 25
555 82
2533 26
450 9
3961 48
3368 99
1920 47
1920 8
2746 93
2850 42
4077 92
3493 74
1192 56
4013 60
3776 100
2298 44
1810 50
2665 16
2731 67
2768 61
2229 5
252 10
3763 3
2927 40
494 34
3340 39
921 31
753 71
1500 26
1076 25
3901 29
2427 74
419 32
1394 27
2464 53
1212 20
3892 74
3850 79
3095 8
3561 31
3607 89
995 36
687 66
3847 12
2173 47
3322 86
475 10
1015 55
1158 63
245 87
2771 51
1295 59
235 69
322 42
1092 5
70 47
1285 85
74 10
1071 21
629 34
1921 11
218 69
592 68
3748 87
2561 75
1727 81
3669 87
1835 22
3678 81
1515 76
3610 41
1292 75
3778 26
1032 48
3654 3
3680 57
1437 72
1801 44
3844 30
2729 43
2626 31
2329 50
575 72
1918 94
4054 20
1827 30
3609 34
1522 87
3593 42
3032 2
2233 43
3667 77
3285 21
131 84
423 36
1172 42
2582 84
1095 60
2034 51
2936 42
826 95
1282 38
391 82
2395 70
3797 38
189 5
1808 61
2465 83
3820 43
2124 1
631 95
4017 17
1575 14
2363 48
1721 20
2644 64
946 6
3319 68
2805 23
2834 52
95 100
1799 94
1514 14
529 12
710 74
1930 27
2873 32
115 70
4048 72
3263 78
1964 32
1501 9
1615 7
4085 16
3149 49
1807 81
3245 34
369 66
1203 86
845 57
964 11
3081 67
2891 52
2652 1
261 20
1367 93
2760 25
2590 54
847 4
2572 85
3301 28
3536 37
3626 24
3243 99
3111 18
255 99
2830 20
3736 44
1653 23
3188 33
98 67
3549 46
1983 59
468 31
1987 75
2569 25
3136 11
541 48
2164 10
1481 96
3025 76
3558 98
414 58
2178 32
1568 73
3043 69
4060 87
2471 10
3645 66
3769 83
3907 6
2485 14
295 3
3805 74
2954 27
2658 7
1923 36
2763 54
3835 86
1274 85
3813 27
255 50
3134 26
3656 40
1665 34
1490 31
299 13
1989 91
2543 72
3011 33
1785 25
3768 100
3510 72
2717 28
3200 12
2771 48
1969 40
2861 90
1128 19
3813 68
4053 50
1683 19
415 88
2743 75
1448 18
1663 74
345 24
644 46
1065 74
870 11
3033 69
2057 92
3714 52
143 27
1326 45
3753 41
3604 21
1272 71
2011 45
3296 11
1831 94
2149 36
140 93
1321 7
553 58
517 55
2522 29
911 5
2022 56
427 12
795 23
3681 98
2002 100
995 3
1445 98
1373 87
462 22
942 58
654 32
1302 73
1141 81
3120 5
3170 8
728 43
702 42
3723 31
3111 18
2424 87
3449 82
3136 73
3020 54
31 39
3149 96
3287 62
442 94
2015 44
2451 37
2809 32
168 66
568 82
812 37
1555 37
3072 21
3602 25
716 35
3911 5
86 92
1101 58
1147 22
1421 66
2925 58
289 72
3781 91
2354 75
3745 73
590 1
1767 98
3092 37
399 47
3560 78
680 27
2831 94
1121 30
3358 24
3771 72
220 61
369 48
263 11
1133 5
4061 67
480 96
2370 63
99 49
3031 35
1536 21
1024 25
1354 92
1614 25
3134 76
3720 94
1402 34
2179 66
1906 33
2446 48
143 81
1543 26
741 52
194 79
3689 83
4087 19
1017 22
3253 60
3568 7
2045 65
1376 77
2882 80
3530 76
2638 33
1864 22
1037 18
2112 91
73 44
209 95
3050 6
1971 27
2852 11
2937 64
3427 61
2735 93
2639 25
3927 75
313 11
1928 94
3076 96
1259 11
394 5
3018 67
282 34
3279 47
805 81
2744 9
313 52
2260 52
3526 40
3959 70
1505 84
86 35
2646 81
2652 8
4009 88
3100 35
1565 63
3010 39
1867 35
1524 46
2985 18
1410 51
2525 19
3602 55
1470 55
317 14
534 82
804 36
3545 27
3937 67
2221 66
958 20
1587 9
3138 55
3059 82
1898 50
944 65
768 68
3305 11
1896 82
3486 14
868 95
2247 90
1022 39
1934 45
2603 25
1022 70
3347 69
3778 90
1958 3
1607 31
2904 19
578 64
1082 36
2635 6
45 82
981 63
1877 74
141 31
3867 61
1062 22
3010 48
449 83
3473 100
3473 96
2844 83
2015 80
3409 5
212 18
594 53
131 10
3067 52
914 44
1715 77
1961 61
314 66
984 46
3249 96
1432 45
390 33
3887 92
2373 73
3951 68
3258 41
1423 58
597 47
3250 6
2011 27
2082 81
956 23
524 19
2468 96
1953 78
1054 17
2685 74
1480 55
3725 42
1455 98
71 98
1144 40
1086 75
53 24
1424 69
2704 21
534 73
2224 97
4033 44
3178 37
605 47
2285 40
2846 12
2440 64
2458 18
2757 38
3257 82
1838 99
236 21
2340 8
2222 93
1144 63
2024 50
3477 6
3909 41
334 71
3193 70
95 51
3892 98
2411 81
2463 4
853 79
176 62
1917 29
129 65
2853 66
437 42
593 41
1164 16
3811 51
2128 35
2127 81
1324 85
2649 37
1547 100
2281 62
3230 59
3816 100
3973 6
6 24
452 57
2122 49
738 61
517 83
2057 99
2605 94
634 5
4091 4
3718 46
2581 89
1320 59
3254 100
3670 42
1337 65
631 100
2041 71
873 94
1021 4
2316 70
2753 50
4015 38
3671 67
225 27
1803 43
428 40
215 10
580 8
1336 11
3135 87
4055 11
678 43
3888 42
2394 62
2530 85
1210 27
1341 90
924 63
1169 93
2678 94
301 76
1345 52
2389 65
621 91
1967 17
2588 66
133 28
3548 41
1880 36
4050 66
157 25
4069 46
72 73
2683 63
18 6
1414 95
3483 74
3030 87
2817 50
3858 83
3781 66
697 17
2017 93
92 36
283 5
1467 14
2307 94
936 11
811 89
13 24
1363 34
1160 56
247 34
3711 9
1399 41
1394 93
795 74
1941 51
1962 74
2412 51
766 46
2092 62
3947 95
916 63
1847 51
4036 84
3361 74
643 8
2068 42
3518 91
1116 97
724 64
15 36
539 3
1985 16
2534 90
887 1
1671 81
2620 47
2431 43
3387 50
1705 50
826 84
911 40
2835 20
3154 80
3181 67
4041 94
2196 35
1337 80
1855 29
3846 40
2781 41
3606 56
442 63
954 69
2539 30
977 70
2748 1
1115 40
3090 33
3982 85
3671 37
3979 87
613 70
1228 58
995 63
4000 29
358 12
402 88
1147 34
770 27
543 20
2559 97
3080 96
3334 17
2293 38
1757 16
3211 2
2143 100
3409 41
617 97
1367 3
2185 7
3309 92
2324 84
1616 100
7 5
443 42
2503 90
157 51
2332 11
4050 40
2609 54
758 62
876 67
3097 54
2460 11
3738 79
3648 12
1489 81
3590 99
254 99
695 75
823 38
361 27
1324 74
3265 69
1333 61
2292 80
3265 43
291 91
2732 97
1668 85
3254 68
279 37
1649 59
1467 83
241 62
2047 32
2177 25
1905 91
2125 74
1631 30
2738 57
957 62
839 51
2539 37
701 85
25 50
239 16
1773 58
2766 18
3861 69
3434 78
2939 17
236 37
3355 93
979 50
3915 84
178 35
2904 13
3562 35
3981 27
11 28
72 43
131 64
834 41
1944 78
2564 45
2431 94
255 1
2206 31
685 5
3399 52
3909 52
1960 23
51 55
1650 81
2701 8
3729 84
1383 19
2055 33
1176 91
3708 100
1450 99
1323 34
2187 86
2603 32
748 14
920 79
690 5
214 20
1164 93
2083 21
1090 6
200 5
1138 10
1930 74
1766 97
905 47
189 61
798 51
2662 66
3883 92
395 71
11 41
3981 62
2899 41
1958 81
1436 25
3083 100
1392 34
3106 99
2206 83
2498 51
3387 48
2137 94
1570 14
3265 94
2778 41
3252 96
4016 52
253 50
321 34
3708 50
1646 20
1487 9
2099 78
903 5
3980 59
1901 49
1833 78
2567 2
1112 29
3088 87
1885 23
53 91
3781 18
3764 39
1982 43
3480 96
3333 17
3408 84
936 51
2459 25
3523 29
2332 68
2535 95
1455 65
3752 28
3294 88
2744 18
1926 34
3954 100
1572 48
933 60
399 41
1462 56
175 49
600 22
762 1
2535 88
146 8
3186 60
485 10
1860 12
2341 73
4093 73
1088 80
2223 66
3966 26
2769 89
70 34
695 91
1447 40
2863 49
2308 88
3025 36
2853 44
2326 29
1852 47
2066 94
248 35
31 84
2476 3
1525 99
2472 29
3716 50
2584 15
247 45
3395 25
284 17
1857 82
3392 94
586 71
3021 21
181 3
3372 97
135 94
1408 85
571 60
2779 15
680 14
2826 46
477 72
2519 7
3256 69
2251 41
570 49
3592 72
3149 40
328 13
1164 53
3219 63
1363 81
3847 87
2153 69
1506 43
1167 60
1690 24
187 67
781 16
2918 94
181 47
347 26
1694 30
1016 61
1711 89
860 83
1526 7
3015 96
2251 43
1089 34
389 95
120 90
1000 65
115 33
1549 64
280 95
3774 70
3039 78
290 36
1770 15
3001 18
3251 33
167 44
2440 90
1830 37
3726 71
2661 75
3145 42
2817 91
3967 14
3143 40
501 30
675 24
1745 80
301 83
1932 45
2843 18
3971 82
2720 33
3743 99
4025 42
642 97
2196 38
770 71
2656 68
180 92
1424 100
2022 1
3564 64
1401 79
2538 42
1730 18
392 26
1274 56
3724 62
3757 51
3435 35
2175 45
397 3
375 32
2143 49
2763 83
2471 35
239 93
156 39
1751 96
753 76
4024 30
3574 31
3937 93
2676 79
2388 7
1642 58
1060 21
3873 83
541 60
400 80
4016 37
1501 35
1100 58
3379 93
3202 64
2436 58
572 86
3743 50
737 55
532 95
1074 91
1320 72
232 91
2274 81
406 89
2735 75
3449 68
805 20
1713 3
2904 74
3193 37
2925 9
1643 37
576 75
32 32
2351 73
1355 21
1940 6
2365 21
1881 62
2832 97
2628 57
78 95
1300 95
3614 8
2905 6
2139 91
3815 67
3663 22
3583 54
3784 40
3862 62
1029 76
1859 93
3127 28
3012 38
956 8
1508 69
2012 94
1746 2
215 66
1864 24
897 21
2954 92
2578 97
1885 58
3363 35
334 18
1119 6
1995 80
207 49
1657 25
2113 60
184 75
38 77
311 63
2523 1
2366 9
4034 61
65 41
777 72
1120 11
2876 57
595 100
2514 52
3180 35
969 44
113 40
3593 29
3995 76
1746 76
2058 70
4060 63
1049 1
2546 98
1122 90
1430 83
1611 11
1984 100
2549 7
3166 19
1508 94
1723 2
857 2
577 82
1803 5
247 54
4041 68
2751 96
2686 68
258 67
2794 3
643 75
2030 1
3379 61
3905 72
290 83
1711 32
147 87
1078 81
3508 82
3637 14
1267 98
1634 72
1430 43
3829 82
3917 87
3570 55
1486 26
166 51
2526 98
2571 14
3988 87
876 30
2737 53
2472 64
3771 11
373 86
2381 28
3801 34
3549 53
1808 23
1951 88
2808 58
48 11
708 28
3533 11
1194 93
3361 77
626 98
1696 21
3764 35
132 54
791 26
3125 21
1030 73
3340 95
2263 56
1521 42
2889 61
2771 2
197 57
3105 98
1355 94
3975 58
488 97
1569 43
2166 100
353 56
228 42
3823 27
420 29
1226 16
3571 14
3680 66
1745 35
3927 34
2800 52
3480 55
1553 39
2865 53
2218 75
3181 57
3987 27
1538 98
2800 96
211 42
2630 40
211 27
197 73
1813 63
2218 62
3994 53
4071 27
2923 38
2347 16
2479 84
1554 58
1340 61
3683 78
2765 22
1301 87
44 73
1082 32
3085 9
3724 77
246 56
3289 83
935 76
318 8
3645 98
4057 86
1012 13
3510 8
611 96
943 12
3892 14
638 33
2793 93
3009 56
1840 72
2179 16
640 69
3814 8
3913 97
1128 78
917 71
191 29
1039 1
956 92
1060 98
2915 15
3169 36
3095 81
2067 91
3671 8
1889 65
2769 58
1033 35
258 62
1921 61
2372 45
2843 100
3170 48
2099 75
1927 26
3948 16
1927 84
785 8
1262 23
1744 79
2916 66
2801 15
360 48
3535 98
3140 50
896 63
680 31
3236 43
1241 86
982 14
748 56
304 75
533 82
759 67
3613 51
1309 87
799 55
2402 68
1891 36
3422 18
3588 42
359 14
3240 67
2772 12
1668 87
2441 40
1420 98
3698 45
504 54
2196 85
2925 32
888 31
1186 23
1303 73
596 40
1081 53
1346 93
1154 19
441 93
3789 83
1936 46
841 7
2514 74
345 89
3780 49
3810 71
266 64
1996 12
1236 31
3520 22
945 50
2684 97
1757 7
3673 31
627 95
766 30
874 22
3877 20
2314 72
4067 32
2956 91
2441 69
2347 59
742 77
1336 98
1620 45
1860 36
2104 63
4003 15
3981 88
454 77
1488 6
2920 57
3338 96
2688 39
1490 40
3753 16
1566 61
546 42
1517 91
3685 17
2090 39
1032 59
811 36
1433 83
386 27
2185 23
1725 3
2182 80
2969 15
2583 12
658 42
3630 11
2526 69
2710 93
1128 74
2404 77
1020 74
514 11
2364 50
2271 50
3546 91
3695 70
1809 17
3608 54
2949 36
2402 3
1858 81
1771 12
3473 48
539 85
3757 57
1499 90
1538 29
221 2
1357 98
1107 81
249 55
1206 37
3973 99
980 22
762 25
3753 90
1176 46
2190 25
1621 45
1953 58
1574 21
1280 63
226 29
3605 72
70 79
2924 70
547 57
1101 35
2018 100
2871 3
3515 65
3607 45
1365 96
701 89
115 56
2593 89
3653 51
3375 56
1727 3
2301 42
675 88
2604 77
2991 43
3473 81
1427 8
2689 84
1091 56
3289 32
2776 57
593 63
318 3
2235 2
2799 74
379 8
554 80
2560 99
1839 17
1831 60
1190 89
37 81
3068 34
3572 54
1179 15
3344 21
3918 34
332 37
941 31
2722 94
249 62
1178 84
296 9
2437 48
572 26
1126 83
2459 34
4000 76
3711 28
1822 52
4069 23
1185 3
2408 59
991 85
3537 68
3741 61
3138 7
1016 93
1855 83
712 94
2151 86
1675 88
991 42
1031 26
2176 52
2725 10
3807 21
5 48
1573 64
1632 58
778 37
3571 69
941 19
3823 80
3360 39
2718 29
3293 72
1758 18
3277 2
294 29
3632 65
3731 42
375 87
624 10
154 34
3438 69
710 52
398 78
3869 41
3505 8
3882 95
1892 7
3583 36
3128 53
2719 67
1337 89
3930 91
2698 56
3122 75
2470 64
1645 80
1640 52
868 48
3141 100
1648 91
2829 58
579 46
3290 97
1614 26
2051 5
1255 77
315 16
2979 3
4036 65
4033 51
511 55
1979 15
2906 16
1867 8
2023 13
2176 38
3321 18
1954 42
130 79
2780 16
2226 61
2386 11
1338 57
916 44
947 2
1694 17
3592 38
3440 98
1575 81
3630 54
3732 62
2325 92
3599 74
2440 11
945 36
3997 28
924 62
727 80
3284 60
3570 70
3087 50
1162 69
539 69
1510 47
1050 88
505 34
1628 54
912 32
433 44
3930 32
1860 66
452 86
3115 37
3954 52
3018 90
2077 7
3297 5
585 82
313 99
2858 48
774 82
2623 76
2803 30
442 100
1765 21
3460 40
1606 71
2099 18
1677 43
1754 42
3729 10
2035 26
141 23
1732 38
1995 33
1896 72
3055 79
2680 27
716 49
1098 99
2197 92
435 21
1679 95
574 98
142 14
3493 72
1495 17
2566 67
3795 86
1740 91
228 56
1115 99
2977 84
3456 72
2729 1
428 82
3450 67
3477 82
1535 28
706 89
2878 46
935 18
3786 72
1597 59
2104 99
169 48
2023 43
668 26
3194 99
2941 5
1099 93
1728 31
3326 75
3026 38
2698 21
1575 91
373 8
2372 55
2509 22
3487 82
2778 32
1581 59
1566 100
1521 62
538 42
488 80
1025 35
3007 38
3573 62
3541 8
279 99
1183 14
174 2
3120 18
1702 100
278 52
3148 86
291 81
2530 78
789 68
2788 33
4018 89
2077 56
3543 46
2070 62
385 22
3217 94
1038 82
323 37
3631 84
1860 97
2224 22
3956 73
1995 26
287 19
235 35
2040 83
2244 79
2071 66
51 98
281 3
3605 100
3455 83
2928 8
2468 65
4000 47
245 26
1168 53
1006 30
886 37
693 1
3617 49
699 77
1926 9
1187 86
3690 11
2924 88
2746 43
2301 98
3036 11
