3782 68
3839 33
3080 28
885 44
749 3
1660 43
1900 51
2416 7
567 42
3672 80
2520 48
1096 63
956 25
3032 69
1329 48
2999 43
3640 24
657 78
63 19
3831 64
1494 99
3912 85
3692 71
3228 23
3707 97
2256 68
2270 83
498 61
2833 35
2770 46
461 14
2853 91
2122 78
3803 24
2699 90
3437 6
2972 35
185 5
247 4
206 23
3227 78
598 90
3904 31
1975 90
2209 79
3175 37
3889 60
1435 75
4036 71
20 1
1191 84
660 80
3922 15
2772 44
3401 91
1208 38
3027 2
3279 62
1570 89
422 72
287 66
15 43
2962 46
2401 50
37 8
4013 55
4055 72
1504 86
1916 45
189 35
651 12
447 47
3977 93
505 44
1767 28
1470 50
365 36
2857 44
24 84
2008 34
1406 14
4069 97
4031 88
3353 57
407 78
3025 19
2607 60
754 49
2134 74
1664 69
352 77
3396 48
3977 43
2978 47
2850 22
2929 10
3237 17
122 72
3943 16
4060 76
1198 53
1246 30
758 31
279 25
138 30
2509 63
3398 96
1952 86
573 36
429 46
1551 54
753 6
1026 5
2748 31
451 97
175 98
675 43
4068 66
2056 42
356 44
2580 43
1508 66
2795 86
129 45
2414 62
1955 99
225 18
2967 29
2934 58
2981 61
675 71
1001 68
1215 94
2187 35
951 81
326 99
853 22
1039 15
2611 98
2772 27
2162 68
1729 59
2972 65
1822 62
2121 39
2702 5
3113 2
2528 51
2482 32
3379 35
2829 51
2307 96
3933 19
1278 61
3323 59
3657 97
1354 36
3712 53
2950 11
1044 89
2904 24
1807 83
2133 88
864 84
2919 10
1798 95
3581 74
1376 30
2091 3
3252 72
3437 53
2862 47
306 31
754 31
2656 85
737 36
1360 67
211 13
790 55
5 47
3142 6
2434 83
3598 94
1445 27
3089 98
404 6
3923 17
309 12
1719 66
3255 44
1079 97
1411 72
2145 7
925 78
929 62
1397 13
1892 6
3443 54
1092 23
3967 86
1478 69
2157 93
3040 11
230 99
1350 92
2390 35
1727 42
1927 90
3733 77
1861 76
3198 43
1118 9
2666 91
726 23
2845 79
3236 97
529 5
3337 26
3278 44
2943 51
3126 25
3796 63
907 32
2479 18
3384 16
3007 45
145 93
2377 54
1885 61
3322 40
1588 77
2473 78
211 66
2896 87
4005 64
3222 87
1290 96
207 95
3162 59
1221 75
2626 53
823 51
2998 59
2488 79
34 13
1582 98
2589 83
3545 14
1025 45
550 41
47 81
290 25
302 64
1154 52
1571 12
460 79
1126 77
3411 72
2440 23
399 28
723 69
1940 41
1566 32
1212 14
1175 9
2605 29
3271 80
3073 47
2310 33
800 92
3731 39
1918 12
2268 9
1758 76
3057 3
1691 53
101 27
4034 79
2660 31
2274 67
2212 7
2750 69
2646 51
521 87
983 27
3288 1
2016 26
3970 19
2191 62
1957 25
2374 30
417 57
3307 71
3390 92
2638 57
1283 99
460 21
2473 38
748 59
2291 68
3900 89
2970 26
3818 98
3979 59
1007 76
2572 44
3403 27
677 52
3361 11
1375 72
3034 86
130 66
3159 37
3439 87
849 58
1069 98
2280 80
1018 70
1229 66
1927 40
834 55
3086 5
4065 77
3033 58
2881 35
2005 89
3123 51
1875 58
2873 74
2838 64
2081 56
1114 29
1396 41
1615 39
2924 17
912 71
1826 91
2601 79
3252 75
630 58
3062 15
2146 29
1945 20
3609 26
2218 78
2667 45
440 60
3544 55
331 49
3872 46
2718 90
2683 48
4043 73
1138 92
1440 58
2698 55
3225 48
3295 4
1911 3
3410 32
2154 24
669 78
899 67
3781 7
3112 38
3982 58
2899 51
1920 61
1313 88
1009 3
3764 74
3902 6
2483 69
1187 65
805 76
1504 26
2227 29
4079 3
226 52
722 43
1010 33
3907 85
2940 36
3677 24
2422 39
975 30
1165 29
369 83
3172 12
1433 49
3866 98
2597 12
3136 44
3514 1
3313 58
3057 75
2452 24
410 87
2323 9
2803 14
3392 39
797 90
3962 19
1943 8
1093 36
1733 35
643 81
356 75
792 61
1941 12
1675 52
4075 7
422 29
2194 11
1227 21
3490 77
3951 69
236 44
3865 81
3074 89
3133 62
726 79
2855 58
1278 13
35 57
3732 23
935 19
1996 40
2412 45
1964 34
2805 99
1514 74
1972 35
356 82
2817 70
3789 84
366 29
1328 60
1929 87
1565 61
2695 42
328 73
3419 99
3978 56
3649 55
3331 57
3001 38
2084 40
2454 25
1645 49
963 33
1931 47
726 38
582 19
2359 20
2644 81
2714 85
2943 98
3974 34
1830 32
2874 24
2063 92
3289 72
915 16
3797 83
1809 95
2226 47
588 42
2515 16
1456 70
3429 66
1046 95
1541 59
3250 24
2872 63
2414 51
1073 33
3802 50
2243 66
1608 45
1839 64
2641 51
3997 15
64 3
2591 100
1857 88
1836 79
437 73
724 36
2451 39
2283 96
2354 40
662 16
3739 85
1668 40
1387 70
2974 60
2306 72
752 82
2888 13
