3359 54
3800 91
2026 65
3740 41
3189 86
941 47
2843 44
285 42
678 16
3292 79
2854 24
623 27
3162 44
3638 99
2683 69
778 44
640 48
2217 71
3008 18
1875 43
3928 69
2432 87
3008 36
3371 37
3448 28
1284 27
2338 37
3314 17
3452 38
3410 79
2017 97
2139 73
673 59
1237 41
2397 1
505 66
3024 47
866 10
1580 4
3278 1
2304 75
384 74
987 17
1465 76
391 6
1873 20
3492 75
2425 22
4035 79
3001 36
1892 67
1934 28
1826 42
1670 77
3615 90
1276 85
1967 71
2722 43
1632 8
2095 42
395 10
1696 39
417 40
1177 47
3263 100
1237 24
1949 64
102 54
2370 72
2276 58
1120 26
1296 41
914 100
558 61
3021 77
2123 88
3742 50
2174 21
441 96
3378 1
158 64
1058 5
2696 80
1534 8
2163 88
2658 23
1175 45
3881 19
886 48
1466 43
3067 30
513 70
2452 79
2568 59
2889 77
37 76
2125 6
1179 46
3174 75
3540 20
81 9
540 52
4071 22
1774 100
3724 4
306 27
1831 44
502 32
2554 38
2449 57
1475 9
501 52
1261 13
3810 24
2903 81
2107 29
1149 68
2568 75
3961 56
4015 82
2444 16
2369 16
3084 31
2385 94
1079 81
1359 96
1496 99
2108 74
2405 27
928 79
3756 53
245 18
4095 34
3744 82
773 81
760 79
660 62
2890 17
3010 33
622 20
3470 14
871 39
3414 30
3352 98
619 17
2954 62
1035 74
1843 5
2580 95
107 59
708 56
1466 50
3923 86
3682 26
329 92
491 63
3336 29
2739 24
1630 70
1345 8
1272 57
2203 9
2749 84
2209 78
940 90
1019 73
467 7
1570 84
3626 82
2783 32
1856 88
2418 100
2378 17
3991 32
1207 47
3621 47
297 63
1938 79
3197 66
2389 21
2131 48
3708 67
2647 89
3096 7
346 41
518 1
3686 36
2958 81
3450 20
410 62
1137 50
62 20
377 49
1918 52
3444 88
1493 88
194 65
1432 64
2664 42
1244 33
3856 65
1680 16
3356 97
2624 50
875 72
2392 2
2197 65
722 78
2954 75
2794 31
1138 93
1945 88
3055 81
667 97
1850 56
1318 70
16 75
947 42
3736 32
205 2
1262 26
1284 95
267 22
738 81
1998 38
3268 54
1468 9
3583 11
179 49
1196 83
1313 10
1996 87
1018 28
3058 50
3519 21
1454 98
2936 47
3630 16
3323 88
2382 92
760 46
2869 28
888 85
3076 1
3022 84
3838 33
1435 3
1658 64
3891 3
2776 79
2941 73
629 69
3979 27
1572 33
49 68
1235 94
2988 92
4065 46
331 70
1596 63
5 63
2808 22
1540 10
1205 20
863 29
1374 72
4005 3
3178 69
3063 33
2537 28
247 74
798 9
380 65
1970 82
2929 82
2360 70
4032 83
1824 1
3078 33
3170 34
1856 69
4015 69
1275 67
4012 71
3391 100
929 100
2845 54
880 94
3760 79
171 19
3815 28
861 20
3523 24
259 50
632 34
1773 70
2821 71
3253 94
954 34
1053 14
1133 5
1388 85
1465 84
2582 40
2859 75
171 34
3586 86
2809 21
3426 22
2103 12
2454 34
2244 52
2101 94
2861 48
3133 80
976 30
1810 88
2208 91
959 84
3932 50
345 56
3879 82
66 67
1174 26
2238 100
361 83
2973 93
3567 48
1813 7
2945 62
2513 14
1150 24
2685 92
1581 52
1524 28
4047 68
219 59
3089 24
2401 91
3791 92
906 17
1902 57
3467 84
1345 27
3928 18
389 70
4079 73
1274 55
1648 26
975 11
789 92
753 12
3171 37
3902 50
3578 49
3412 46
3639 39
1080 29
2344 9
830 31
1930 57
3319 81
3216 53
3199 57
1449 3
918 22
2878 39
3172 98
2620 43
2099 3
3871 79
3123 90
1338 98
1174 49
228 27
1039 11
1789 47
2734 44
10 21
2981 88
2537 9
184 92
1598 40
3058 99
2243 55
308 78
2116 6
817 57
2126 38
1631 62
1973 57
3037 65
1353 33
3084 89
1014 57
848 54
1282 9
1077 25
615 62
1524 87
1395 16
3926 82
2462 20
3502 99
2837 97
3122 7
416 88
1331 30
329 79
3884 62
2567 21
1748 6
3726 22
2405 91
552 93
2332 52
1267 88
2112 67
1764 21
3976 35
2247 88
3532 23
670 54
3592 48
1979 31
2178 34
3948 89
2363 69
2660 55
2429 30
3030 23
1084 82
3238 56
1127 43
3110 25
3341 77
506 53
3017 58
24 68
1643 81
1685 26
564 87
2030 21
3167 97
2241 38
1103 11
643 84
1907 28
927 79
1399 23
1223 62
1948 44
301 8
2509 14
2292 68
1472 42
939 66
3222 96
1768 80
260 51
3478 9
3949 58
1595 91
2770 95
408 30
2936 40
2597 69
1586 49
3577 28
895 8
3926 71
3466 25
1569 40
736 40
610 31
532 19
1074 87
1130 44
17 68
2994 20
1807 47
2255 41
3306 97
3132 37
3435 26
3873 12
997 100
611 97
56 55
1259 12
3201 51
3740 29
1787 44
821 6
3125 14
3487 52
2289 83
3763 4
3254 88
77 83
2774 63
2401 63
3319 93
16 62
2625 3
696 42
180 87
1131 74
3893 48
777 43
48 13
982 34
1942 31
3611 36
2535 96
2118 5
682 42
886 83
3657 67
1919 68
2207 11
3203 37
644 68
508 9
3607 12
3240 52
2280 97
2138 35
530 71
1486 27
3849 25
2270 70
1602 2
592 45
472 3
2572 5
118 85
2529 82
945 54
2401 72
3428 1
3565 7
1923 70
2016 6
409 22
3826 13
2291 76
1034 93
1798 9
3254 48
507 26
1668 98
2799 79
1059 75
2575 8
731 30
587 65
853 71
1812 25
2611 39
1003 71
215 25
2828 40
2945 32
2461 50
1319 1
3552 24
844 86
1430 96
3774 35
777 72
2190 1
2494 97
463 84
2016 77
967 65
3406 36
2943 78
1018 4
1487 99
2438 14
1378 27
963 50
531 70
1641 71
3896 1
4067 53
2389 32
2791 86
1047 45
3727 55
2635 52
2822 31
1948 44
2877 72
2941 63
649 63
1330 42
81 2
777 58
3500 93
2041 75
3305 47
2037 28
2228 26
1398 32
3823 18
1077 58
589 68
3182 50
1625 88
1248 15
1835 28
4002 90
2378 55
3339 96
2164 93
372 31
3800 1
2501 64
2093 68
2313 40
1865 40
1238 29
1566 91
361 36
3543 49
2028 28
2656 97
4025 93
3867 85
2957 47
3118 100
3014 66
389 14
823 96
1948 75
2673 62
3610 35
2298 96
1244 84
2900 21
3980 15
1350 8
1840 86
95 99
3632 8
593 10
2664 7
3656 39
19 17
2053 25
2180 21
474 6
784 83
1010 76
2983 48
2122 17
1950 12
2121 21
3396 75
2780 99
839 57
1888 99
80 2
813 42
1679 12
2284 67
1203 64
1531 71
658 77
1406 70
1328 14
1950 85
1851 91
1809 37
4025 2
2982 32
878 68
244 40
1368 77
2531 62
2162 54
3890 95
1133 54
4010 1
3967 69
3230 40
205 43
3645 79
1610 24
1720 69
2520 41
3773 61
1485 36
3723 23
1175 93
2744 56
2793 27
1977 80
3855 13
1899 41
1274 47
3237 39
3403 37
600 67
968 24
88 92
3874 52
1703 26
2704 96
3344 53
3928 66
67 69
3458 10
1631 74
1312 34
3969 98
3500 21
1862 46
1651 42
1944 62
3975 2
3674 91
1727 8
3409 28
572 22
648 74
1507 54
1647 59
3449 1
2883 20
1826 41
938 61
1334 41
2425 16
2349 43
825 74
1790 12
3744 16
564 17
586 60
1253 9
4048 7
3151 58
471 24
410 82
3798 41
3093 1
3778 52
2321 82
1166 45
3151 68
1462 25
2149 20
567 84
1638 52
2176 12
670 74
3340 49
3087 51
2999 79
607 72
3328 5
2433 12
3799 70
3570 63
2407 50
2192 27
1328 28
661 1
2564 20
3209 97
935 78
3473 17
570 85
1175 23
1073 34
422 69
994 63
1236 34
3828 51
2748 46
2766 19
486 34
3448 33
158 47
668 51
3733 83
1822 42
2968 99
595 20
1849 66
2320 17
1051 87
1804 57
3036 23
108 64
3365 90
3148 22
2757 62
1482 78
2133 5
2701 8
3553 9
1377 87
2075 17
1613 44
1400 53
2616 87
968 47
3451 47
4025 22
2332 42
2553 74
3510 63
3191 24
3307 24
1905 36
3564 34
3716 14
3036 51
2928 29
1587 91
1984 86
789 79
678 13
1565 87
2017 88
1028 15
155 58
2293 6
2371 83
2065 69
1916 34
1440 74
1532 51
710 74
4031 17
1281 10
2596 17
618 16
3371 46
2384 32
4044 46
1138 79
1321 92
595 34
1069 7
504 41
1554 45
3978 14
3223 70
3277 86
3565 70
1185 87
69 82
1746 6
3355 87
4060 6
4060 80
1855 91
1707 86
3684 72
3534 5
796 60
1422 27
1579 30
3347 98
2471 43
1813 31
1105 83
3352 45
1011 51
984 59
123 45
2785 7
1406 60
324 3
185 79
184 60
3444 20
2847 97
2160 2
3390 53
428 88
962 75
4087 79
2628 36
1615 40
3282 61
1741 6
3156 83
3362 35
2101 96
3552 79
2803 48
780 23
739 28
1638 38
2014 81
897 44
2827 31
774 28
3710 1
2347 61
286 13
548 44
675 57
3394 14
3736 91
259 92
244 77
1830 88
1212 94
3733 69
2453 99
464 10
2891 36
3477 59
2859 92
3063 72
705 55
2586 26
596 95
2428 3
3335 19
3374 100
865 90
2153 53
756 6
336 89
2130 10
3690 50
786 9
3929 76
2851 5
3955 84
3084 96
1330 43
375 19
1186 66
1144 47
3153 68
3945 26
817 98
2755 73
1655 15
3124 75
3450 12
1494 85
3644 16
2276 21
3507 90
981 44
398 49
659 72
2371 98
527 53
4081 4
1662 22
1499 85
368 99
615 44
331 9
3446 43
2431 91
2318 80
2984 69
827 28
4088 82
96 88
3522 97
291 43
1433 20
2419 36
1138 32
294 62
329 63
2042 73
1182 70
2146 13
528 92
2943 50
1308 20
359 54
1663 91
861 37
2966 28
691 64
293 69
2843 25
413 69
1183 80
1080 81
929 14
893 70
524 55
3703 57
286 98
3679 44
2993 2
2312 11
2357 58
3483 46
3703 90
2427 96
732 17
875 58
2288 88
3985 88
3930 42
2752 26
2148 92
733 71
1934 57
3969 8
2106 37
2815 27
1059 99
1903 94
3794 61
2552 81
543 58
1043 93
2707 18
203 73
1440 66
829 78
2578 92
1055 5
2976 31
2346 46
2191 94
846 4
4074 32
1938 26
126 75
3680 88
2951 25
139 71
137 71
2643 55
3675 17
683 47
860 42
532 37
3007 54
825 4
3340 93
3239 32
1987 16
1486 30
3840 49
2296 75
2094 17
1579 39
2799 64
2502 77
297 51
2445 34
2599 69
686 53
8 1
1251 40
385 35
2047 9
2550 41
1949 22
1716 6
1504 70
1221 23
1430 68
2259 9
1359 42
2379 41
1046 34
2375 70
2124 26
1331 22
1398 3
3627 31
1210 46
3629 99
3186 1
3725 77
2077 6
993 42
1510 79
3 8
777 58
2645 100
3006 16
1590 2
4014 63
3589 76
3424 68
1428 36
1921 33
2436 95
2717 32
1884 37
1979 35
2765 45
1939 74
1713 12
1678 83
3347 53
1942 93
1295 80
3012 43
1893 96
1024 38
553 95
775 9
2733 88
4083 27
3736 3
3539 77
47 48
1407 32
947 61
2449 22
3353 21
1148 73
3929 57
2380 3
731 62
2910 60
1072 31
1656 100
2050 86
2063 92
2005 75
1101 9
1043 17
2133 65
4017 26
2280 34
119 97
1031 65
3899 90
997 9
1301 83
1252 61
2162 42
833 36
3803 12
316 42
772 28
671 6
2727 86
1440 38
807 40
1497 57
1 16
3746 90
2708 32
2925 36
3796 100
3416 68
1380 98
327 81
2643 46
4067 18
3778 65
2383 47
2407 79
1147 29
4084 72
1879 29
3833 66
734 76
4007 58
1761 88
2004 26
155 49
1655 4
39 41
1740 21
1978 94
3245 76
3174 87
1383 55
3417 19
3171 10
47 98
1366 39
2463 31
3438 1
2049 16
464 3
452 37
2741 66
1426 81
2802 27
66 88
556 51
1497 32
4017 18
1671 1
2969 78
2403 2
2887 5
2298 69
2488 97
2901 42
1478 33
1574 96
706 80
3002 71
727 95
2740 1
247 67
634 65
1941 14
2290 26
960 26
1412 10
3416 3
336 25
3550 97
976 11
1459 83
3375 73
1036 8
2897 29
3886 73
1625 89
3350 86
1530 28
2081 99
377 15
951 16
2755 55
718 9
3289 39
3859 31
3009 77
2667 48
2660 88
3967 9
2011 24
3046 85
2476 58
3969 70
3027 67
3138 94
98 14
1013 21
3261 16
909 33
1688 63
1988 15
1273 95
1620 19
2116 95
4050 85
2700 33
1353 41
1010 38
2298 98
3992 78
1801 71
1405 47
2854 10
72 53
130 4
3110 96
446 50
904 83
2221 33
3409 35
2304 44
187 13
218 90
2038 56
551 86
1208 70
724 7
474 22
74 58
744 58
2974 45
3336 97
3859 54
72 70
3591 45
1693 43
2173 70
2387 57
2281 41
1614 39
3436 69
2098 81
2734 97
3156 82
1373 48
3226 37
755 95
3691 92
527 60
732 24
592 57
2084 100
1411 99
1275 41
1088 23
1888 58
2138 54
3076 82
1301 32
509 96
1113 98
3137 65
1163 61
578 70
1332 41
3900 88
315 39
3747 9
2304 75
1368 61
2305 95
1491 77
1331 99
2329 74
3425 36
1388 7
1986 66
16 73
3659 56
1704 82
2590 47
4061 76
1151 91
3343 33
2239 81
1489 7
614 26
3234 97
144 82
1729 42
1992 94
1316 91
2662 85
3041 38
75 29
3712 51
3629 72
1119 95
2056 67
2359 60
3364 98
1850 6
973 82
674 26
380 25
4074 17
3419 81
3938 76
1074 41
1876 5
3059 9
3367 96
1985 95
186 43
58 50
2202 69
1426 45
464 98
1677 12
3213 61
38 76
3599 18
2755 86
2008 92
333 65
2305 51
568 66
3709 36
1818 77
2740 31
3440 45
3783 84
181 11
2972 48
3353 59
2878 98
2015 73
1334 88
1007 83
2555 76
1444 87
2879 47
900 31
2033 89
2474 1
3192 12
960 43
2029 15
241 59
2427 76
3654 2
1295 38
2564 96
2191 12
968 97
3966 98
70 50
1592 46
1802 85
1252 92
1803 40
711 91
291 26
3488 47
1451 63
2616 64
1476 13
664 56
2363 58
821 29
1034 83
3914 49
1090 69
1586 84
4096 39
1349 37
3278 81
1194 60
4079 61
989 2
498 31
22 78
843 87
3554 4
3945 10
159 38
2216 15
2070 5
3283 26
87 57
1779 26
1210 76
319 52
2144 82
1852 92
2310 15
120 89
1136 36
3057 89
503 41
420 4
3684 69
3562 98
1929 16
366 9
3826 11
962 97
435 97
1840 47
2155 42
2846 27
1898 65
3307 9
738 21
2129 24
3071 91
715 26
169 84
3309 51
2481 32
2904 24
3862 95
3611 89
2698 92
1781 100
2331 13
252 85
3269 4
1860 47
3597 12
295 97
1521 94
2364 51
3159 83
2390 75
146 40
977 70
3462 35
2422 8
1879 44
457 82
2957 19
1023 6
2443 79
2095 41
2217 93
2601 34
729 59
2810 38
3073 39
853 41
3353 77
2756 73
1486 23
2473 39
1388 57
378 61
995 73
1767 67
3995 35
262 86
2035 36
3596 9
1744 31
1615 52
1290 18
3912 29
1186 24
797 99
2261 37
2212 66
1400 2
2672 14
2354 100
1920 9
3812 77
93 69
1192 59
2223 32
3131 14
3754 34
3631 72
398 81
472 59
1349 96
1799 39
3278 80
3124 96
2955 98
2830 29
3122 95
2167 12
3264 63
653 80
2834 77
3848 86
1330 99
1463 15
1983 38
805 30
2744 8
2347 36
2272 71
3799 38
3777 37
3702 30
3806 90
2943 82
2018 39
1558 29
2400 53
3471 61
504 38
769 98
1682 41
1837 60
935 54
1966 42
1201 20
1574 10
3884 94
42 76
1225 20
3641 45
1059 49
2900 2
2722 67
2628 24
3562 84
945 97
873 78
2354 78
1972 11
671 89
521 37
3831 81
342 20
1452 84
119 77
3392 69
941 31
1529 46
1393 46
1829 58
3215 7
1999 53
3478 51
3716 74
3017 30
691 6
3609 89
3238 28
2479 93
1601 34
1516 28
733 54
3133 49
2650 89
3354 23
1163 40
3718 93
296 46
3715 17
1354 58
1629 20
1296 96
73 44
2121 24
2810 21
2715 52
3064 80
2687 79
1878 47
211 41
281 89
2235 81
2794 55
1849 92
1679 13
2016 87
1499 38
3026 16
182 78
3679 2
1800 30
2897 49
2099 82
666 85
2399 26
532 100
148 11
3444 30
2710 80
3009 81
2105 39
2686 6
959 45
1520 23
1179 27
44 8
848 96
3991 52
1970 72
1935 67
1636 10
31 63
2736 39
3622 63
3680 1
2866 73
399 30
824 60
1331 91
401 44
2024 58
1291 28
3378 64
1247 67
3788 86
1712 63
1852 36
2705 74
3387 55
649 6
1708 29
395 14
1523 67
2594 38
1135 72
2478 5
2202 79
3190 92
1024 86
677 78
3029 25
1744 51
2488 62
3470 33
1058 78
1287 97
623 81
2962 64
3891 88
2588 21
373 35
4015 91
275 71
1603 57
1426 44
1689 38
2171 63
252 39
2127 15
1052 37
558 70
798 28
2057 70
3835 86
1222 67
3022 68
148 29
1426 21
2611 52
3146 98
2286 20
3721 62
938 32
1585 3
1149 31
459 91
2709 7
1690 63
4094 38
3440 49
3614 86
2191 50
1250 82
689 30
1857 47
1109 26
2201 7
3357 72
3603 24
2955 12
2937 54
259 26
2827 65
3160 100
3866 91
1843 74
176 15
3854 69
1516 54
1229 70
3129 32
1596 83
1951 78
2783 16
1397 86
3205 87
2419 5
459 32
2120 6
417 1
2019 67
2386 8
153 32
3965 36
3170 97
3371 82
74 94
2170 95
2554 78
2100 31
547 25
2144 81
898 72
2394 82
2696 99
2127 49
1548 43
2737 77
2400 46
3071 2
2085 23
3062 94
3419 26
2191 35
493 50
547 64
2379 34
1752 20
1818 63
263 74
3264 10
3270 21
390 69
634 78
1036 84
3785 4
2997 62
2644 20
743 39
106 95
830 88
622 21
2264 99
3213 71
1924 31
3434 88
2792 55
1209 7
3536 40
1837 6
3719 60
2867 29
1088 97
953 88
1765 2
1545 67
3815 97
1963 78
10 78
1110 73
150 85
3836 27
1925 28
3551 47
985 59
856 48
1626 68
2997 4
701 87
3614 25
2109 5
2175 35
2716 68
63 66
484 86
451 26
3647 21
3489 73
1367 91
2450 78
651 76
2466 76
2764 44
1970 100
774 61
3608 7
2356 65
2245 17
1687 37
1576 58
3150 48
1691 21
420 85
336 11
1950 44
3966 14
3961 22
3690 67
2471 10
230 35
525 79
1200 40
2890 28
3759 100
1947 86
2304 19
1539 26
2090 48
1262 46
3762 93
2924 6
1700 73
3092 16
2103 36
3013 1
99 72
3112 70
176 48
508 4
4037 8
534 51
3951 65
1193 96
2443 29
3409 44
1107 37
323 13
406 30
3667 98
888 2
3431 21
2771 78
94 99
2368 9
2634 67
2760 30
3874 4
2295 47
1668 38
2290 95
1452 54
1325 21
2383 12
1051 28
1773 89
3124 39
1617 59
1749 13
1210 29
2911 29
708 80
2945 61
1310 29
3698 72
2496 31
3537 28
1251 75
164 31
1559 73
1094 49
3030 30
1182 45
3759 34
2454 16
1241 3
1079 36
2219 23
3545 21
2081 13
2601 2
2044 25
2441 33
2056 85
3120 79
2121 5
1009 36
3160 29
3879 67
1670 51
1626 59
993 85
580 65
610 23
1587 21
3920 7
1260 25
3719 81
2442 22
427 75
242 83
986 4
3732 40
3976 49
2882 4
78 16
1075 53
2763 93
3792 68
2941 25
1212 79
660 17
853 6
425 58
238 12
1780 97
1187 95
2159 72
310 73
189 65
2424 66
3327 41
885 4
2551 39
3902 54
1894 63
422 59
790 9
2557 99
3303 92
3438 80
492 87
1279 96
1868 46
2245 5
2829 5
1979 95
864 45
3187 87
86 19
587 93
1468 96
4003 75
1433 53
1696 50
3255 24
3023 52
3458 11
1530 6
1367 63
2569 50
2151 32
3197 94
1051 8
1142 92
1283 81
3749 62
1539 31
480 4
1650 59
614 17
3597 46
2007 44
3436 14
1072 15
4050 60
2751 28
3301 14
2653 34
2394 61
785 46
2843 48
4051 45
1775 12
1406 40
1634 84
1662 34
161 39
2288 100
1337 2
2299 58
2666 96
2416 15
378 60
784 44
518 78
4016 82
3695 62
1150 22
2228 37
981 17
1582 99
2254 54
2330 78
2906 22
1524 2
675 13
161 38
2051 90
3449 64
3367 10
310 26
2951 90
1744 20
1561 12
2441 51
3641 89
1114 48
3069 46
1925 98
2892 24
452 66
2418 82
1309 51
366 73
2436 27
1201 35
2630 14
86 84
2272 41
4053 82
3510 53
653 74
1824 2
3823 53
2281 94
3471 56
1177 78
3069 3
2920 59
3806 66
2415 43
3217 16
3144 52
414 19
1429 5
3151 54
2341 33
3395 18
1664 22
1301 17
1284 69
37 89
1618 15
1828 20
2675 65
161 86
3863 94
1735 63
1930 37
3950 92
3058 49
2734 32
726 23
2925 79
2668 34
1375 48
3753 31
3206 10
2175 59
2881 53
200 86
1022 69
2887 2
2873 57
1666 81
4036 59
2826 23
568 7
2549 37
2523 65
2842 38
558 84
2622 41
1252 25
1378 85
2146 9
678 77
572 15
1496 6
2625 8
2477 1
552 7
1790 12
2215 20
460 74
2682 37
2570 8
3585 23
174 75
2513 26
1012 44
1841 30
1786 24
438 82
585 49
249 10
3301 12
780 12
86 50
2590 80
1456 69
943 58
1013 95
2007 67
3326 15
2110 46
533 11
2025 74
674 23
2605 31
321 70
2404 56
3440 61
1868 25
1470 49
3916 87
2523 66
1404 86
1330 74
2875 91
1202 30
2137 65
1460 98
1110 93
3457 7
697 77
858 31
3353 78
25 35
201 94
1982 27
1333 10
1711 56
793 12
4012 37
196 5
2591 43
3139 47
1655 29
322 73
1693 38
144 33
2310 73
1193 4
914 81
2952 45
1120 28
3380 39
470 45
1314 88
3323 44
2173 67
1072 30
3080 4
3278 93
1723 78
2382 37
3654 52
535 51
785 39
2878 66
3639 63
2250 63
1991 54
1748 88
565 6
241 21
3267 65
2505 2
674 26
2880 41
3176 73
489 64
3380 54
958 32
1244 91
2360 94
3118 87
3883 2
3247 24
1529 70
3536 66
3628 28
1081 33
1424 2
1688 11
83 44
3586 47
1443 80
4025 91
710 33
3180 49
3249 63
658 98
301 64
16 57
1902 5
3785 25
2147 41
2597 80
3784 6
2414 7
944 77
931 38
3240 40
1492 95
2236 38
3841 30
476 6
3798 55
779 21
1118 13
2032 99
3192 26
1501 95
1811 7
189 87
2350 26
1780 41
206 40
160 12
3403 48
2075 55
2384 99
2099 33
3195 47
2024 82
1091 87
3984 23
1904 45
3648 37
1764 54
365 12
3918 61
1308 74
1624 75
439 13
2479 92
777 17
1310 1
874 69
2648 91
2227 23
336 94
1823 10
334 35
3807 46
239 90
3575 95
221 93
1740 43
3033 66
3754 44
1042 57
2379 98
3874 27
1628 73
1388 57
2643 48
2387 27
1154 64
1693 36
300 98
2984 6
3025 78
3289 48
2622 2
1944 45
2073 33
985 42
1093 7
3730 73
3637 50
3998 36
552 71
3345 8
559 18
480 95
1198 87
3660 99
2462 73
244 87
2542 40
176 78
526 3
2372 65
928 11
506 79
3919 16
2178 95
1788 91
1211 100
2223 57
3924 54
3321 60
3889 24
3945 44
1943 92
958 89
2481 19
526 69
468 62
1153 58
1094 7
3700 3
3590 11
548 32
1451 30
1909 11
501 47
16 3
3775 86
143 66
4081 97
3342 21
4073 54
3675 74
1196 29
3893 60
2628 22
2265 61
916 86
3253 72
775 86
865 23
3160 5
1831 86
3117 12
1590 43
1101 17
2621 38
2515 16
911 70
3183 19
1082 31
1686 21
577 56
3547 17
326 15
2340 37
682 97
845 92
3965 99
3185 43
2723 10
3166 54
433 97
1142 32
3339 86
918 3
3206 52
1254 100
1929 17
3837 83
903 19
2885 35
390 100
2687 62
1307 73
2670 18
2087 41
3588 96
3845 20
3876 39
3950 59
885 13
1723 58
2230 71
4 36
3147 97
1387 43
1552 45
3826 61
3150 58
1064 92
3122 88
3562 87
3960 1
3959 67
1189 20
911 74
1963 61
1093 98
3548 68
3528 99
2476 47
1962 70
2750 11
2165 72
1854 40
1012 71
2739 64
1764 97
503 64
1354 21
217 96
3585 99
4042 34
1791 30
3853 72
3933 52
3922 52
1462 6
1082 63
1834 11
2519 77
3375 94
1783 18
1046 69
3211 85
1516 76
2967 50
786 46
1995 87
3743 94
1353 59
3497 51
3684 48
1038 9
3635 95
361 73
1483 32
1986 52
491 70
1869 89
608 71
1104 11
1769 13
1541 64
575 56
3789 14
2570 88
2174 5
646 96
737 80
1634 53
2236 71
2266 53
3603 94
1668 84
793 31
1820 48
3301 42
114 15
4073 2
3471 99
218 16
1404 20
1199 44
2339 45
1425 48
2938 93
2186 21
2129 59
84 34
662 73
2607 32
2307 90
3528 39
625 69
2515 15
2420 2
3898 56
567 23
2356 11
1132 13
2010 29
12 54
213 65
2915 51
1364 56
1714 75
4009 97
326 46
2673 14
3459 55
1070 88
548 50
30 86
3394 31
3539 76
4065 92
793 95
1275 40
3331 40
3479 82
2911 3
4082 98
2324 10
2173 30
3521 34
1151 15
2588 2
684 64
1012 92
409 43
2576 46
3780 78
4047 87
2583 66
3879 59
828 93
406 51
3074 98
2258 93
376 84
2662 12
1045 72
263 20
240 59
2827 60
1866 88
1985 78
1912 51
1078 28
3110 50
1507 52
3882 95
3840 25
1764 65
1186 65
3116 1
792 82
2209 96
1816 64
1657 13
2200 55
3351 56
242 69
263 94
2539 67
3005 72
2536 43
1837 34
852 77
1959 43
490 64
2625 57
3815 83
2481 76
867 83
2667 50
300 10
23 11
796 57
3077 51
1928 48
1509 38
921 62
67 5
824 76
2698 60
1972 81
3786 37
3207 47
2661 72
3750 87
1072 16
3581 92
3617 47
1094 50
3139 94
949 49
2113 25
325 94
2430 8
1435 89
3209 76
792 83
1679 1
1641 55
3153 48
3676 15
192 55
631 37
3287 34
2437 19
3457 95
3267 41
3723 52
2769 58
2292 11
1273 10
552 90
790 40
2486 76
2725 20
397 15
991 89
2343 20
2160 15
608 58
3599 23
3712 40
278 17
34 33
3379 74
975 40
2027 18
2781 47
512 47
3548 31
394 78
4084 32
3575 5
3497 46
3566 92
2231 15
2755 47
291 38
3228 34
3418 51
3770 100
1747 64
3427 47
548 92
1834 39
1642 84
3298 45
254 7
1918 30
1112 39
2151 39
3454 31
3156 31
4026 20
1494 33
600 45
394 11
2132 60
364 10
2158 42
3424 86
994 73
3792 11
3499 96
3218 96
70 82
2082 81
3455 37
675 27
633 49
994 48
455 63
642 83
27 26
1221 23
833 84
2047 17
203 41
243 71
1486 6
869 61
3411 33
2997 53
1824 90
1516 87
1290 3
1910 97
2779 71
519 94
855 86
600 86
3693 94
62 64
1841 42
2251 61
2794 70
2458 99
2886 18
255 26
3983 43
2187 38
471 66
60 2
1067 65
3792 82
1966 64
951 55
2759 62
1037 47
530 18
3433 81
772 78
2973 18
664 10
294 68
3412 4
2525 72
2066 9
1125 45
704 7
3945 15
3644 9
2032 76
4034 63
3854 90
3075 6
671 100
852 53
2860 67
3941 84
1057 55
1487 26
204 51
2668 48
2384 20
2131 1
1828 1
2004 96
2276 37
3658 47
1146 89
231 58
2055 42
2215 63
3601 57
1271 43
2436 46
3752 85
3018 52
1806 19
3204 75
964 52
3826 70
1392 17
2295 10
681 76
3879 37
3223 85
1348 42
443 96
3712 21
922 5
2110 97
1135 62
1168 92
1894 95
881 8
1444 89
533 4
3948 78
6 63
173 44
3694 57
2154 1
3060 92
2098 95
1344 80
3433 73
1092 80
2921 33
2147 6
2660 61
260 76
32 33
744 99
543 24
3094 86
637 77
3680 2
2097 49
1190 41
1953 20
3603 23
1677 34
3903 81
1612 12
2299 28
2408 76
799 14
1625 94
1848 87
886 64
1865 18
981 53
1501 87
2355 68
1821 64
1463 48
1341 78
3408 24
2511 54
2486 57
1075 96
3692 70
134 17
3320 34
2081 34
1493 49
795 50
2282 10
1987 80
3710 88
567 51
1699 69
3752 81
2688 54
3050 3
2047 5
584 28
2278 45
1089 91
3494 70
2321 27
1929 16
184 65
1913 30
3931 94
2503 77
3505 72
4067 84
2806 93
2555 29
2159 6
1334 47
2586 52
3723 68
1137 61
968 12
1077 41
2608 71
462 66
2483 2
2455 81
2718 67
3172 22
1048 30
916 76
1402 10
2337 3
1944 64
946 86
863 4
3164 54
3847 81
1041 84
3335 76
1189 1
2541 46
3422 1
3158 69
2671 25
843 86
805 48
159 69
3009 14
2859 69
1076 83
2176 65
610 21
991 43
2011 49
1015 94
3435 76
3538 56
1938 58
2924 71
1778 45
3551 21
917 92
1091 10
3325 85
2901 38
444 14
4000 63
244 73
3972 12
2279 46
1969 96
1219 75
191 70
3893 87
805 7
2127 80
3972 85
2651 68
3213 47
539 54
1018 48
2463 18
1637 49
192 20
371 56
3695 93
1550 8
698 78
843 69
1356 30
585 45
253 26
3186 85
1641 35
4068 51
1697 50
4009 98
2817 13
598 45
760 16
1412 55
2460 96
132 78
1902 57
1683 31
2603 56
2546 55
2308 20
978 67
1411 46
231 92
1562 26
3391 70
2737 31
1412 47
176 33
669 93
3433 22
2446 48
1021 99
288 94
3649 80
2849 22
46 42
726 18
163 66
159 16
594 56
2351 31
3682 47
3811 92
694 15
1914 44
3417 90
1193 79
1693 48
3196 58
2675 5
320 32
3339 98
3922 94
402 41
2091 75
2699 66
3336 19
1919 33
1791 83
2713 99
4012 5
1204 38
901 63
1924 75
3165 35
1944 41
1091 22
3912 83
2823 94
814 23
1233 44
194 61
1435 19
708 54
3238 15
2704 19
848 13
1976 21
1506 70
3806 32
2628 37
2230 8
317 42
2035 63
308 37
2440 36
2158 73
64 69
3098 2
894 45
2004 77
3151 22
627 69
846 1
140 80
1666 33
2016 10
2894 81
1571 4
2 23
1380 68
3117 37
795 69
2370 1
857 63
3502 70
3922 68
2547 52
3379 9
2402 2
2880 34
2196 48
3811 78
3091 34
1797 9
1723 21
2778 99
3587 51
855 28
1522 17
1250 46
497 99
1511 40
2000 13
3108 46
66 2
4064 74
3226 45
2548 17
3123 15
2864 22
3409 79
877 5
2504 73
197 55
4010 26
1095 94
2553 4
654 28
1414 24
3143 31
3521 32
1390 62
2496 20
1256 47
1250 59
3649 98
2933 40
2595 6
1295 91
4050 11
1879 87
386 30
3699 80
2742 60
1500 69
725 32
2885 70
1647 36
2641 58
2206 14
1406 34
2340 99
2332 42
2694 4
1429 41
1201 16
3559 5
1223 51
491 86
130 90
2790 22
888 50
902 87
1559 7
508 40
289 14
297 84
4075 95
991 5
3742 67
3679 80
3218 78
603 71
764 3
2924 61
2259 76
2863 25
4053 54
4086 19
1102 50
1468 86
1478 6
1241 24
2588 96
315 29
1950 78
1374 31
148 40
2016 33
2778 2
2143 10
1210 25
491 22
437 36
1119 98
789 64
1203 53
3327 86
3472 81
1584 19
511 75
181 73
412 55
4067 64
1015 27
1816 24
1224 62
1152 93
462 53
3913 80
1524 61
1965 24
277 11
4073 94
518 29
1674 59
2534 59
1373 59
3354 44
2870 83
354 90
723 48
2061 66
4034 34
2086 22
2538 2
223 88
666 2
1640 33
2487 85
1765 93
1547 50
1428 79
2414 28
1646 76
1504 7
3209 68
3030 31
2487 61
475 46
2731 90
2290 80
2096 23
1841 34
1062 49
2432 19
579 44
1233 30
376 33
2858 70
3690 22
3925 40
2567 51
1800 24
217 38
3585 9
687 27
1002 14
2243 83
2847 85
378 37
3789 67
2924 12
2603 46
2364 95
3107 73
1305 1
474 86
1553 30
3591 27
258 59
824 8
3001 53
664 5
2290 36
520 69
2466 62
81 10
2174 11
2980 52
1516 9
365 21
3422 22
1426 28
2042 58
1554 32
3440 17
1401 98
475 15
287 65
778 90
2883 69
3812 34
1136 34
2708 75
2627 2
47 60
1439 17
1209 70
1937 56
1394 90
3574 14
2211 71
1961 5
292 57
768 98
3797 44
1068 79
3373 80
3614 34
2277 33
2402 57
1038 57
797 39
2175 89
1947 95
3194 24
2495 78
374 49
450 91
1345 36
2356 32
1596 24
3376 75
993 10
2274 73
1234 10
466 95
719 23
3795 76
3984 43
2863 68
833 100
3898 41
1084 12
1099 51
2799 43
2009 85
2940 41
82 33
2519 97
509 47
446 97
692 50
1146 61
2262 38
2858 63
1726 69
3114 15
2562 16
529 53
1076 65
2186 16
262 66
2613 62
1102 41
1385 98
4077 96
2106 2
3860 1
2294 56
1682 29
1339 60
2942 1
1543 84
3379 16
3565 83
2406 18
726 85
839 58
2321 28
251 57
585 50
2596 85
499 20
226 87
430 9
1871 80
2069 58
1931 49
1990 51
2663 21
3988 15
736 43
2406 99
61 76
1446 44
3665 52
761 26
2507 72
2639 14
1156 4
2878 71
3919 67
3808 33
9 34
2766 31
350 1
3016 26
1095 90
1142 55
3643 23
4002 18
3676 54
272 76
2584 52
691 73
1356 13
1767 65
114 76
3158 84
44 80
3489 15
1582 12
2487 8
2343 87
2238 2
2015 50
1478 13
1555 8
2725 77
657 75
437 14
3419 63
505 99
1819 96
2809 54
465 18
2932 74
1002 12
1545 96
1292 6
1407 87
1768 80
636 66
670 41
2973 14
853 84
1885 59
3748 95
2708 17
1684 26
150 52
1855 9
3984 69
2449 24
3080 11
2096 31
1419 8
840 97
3131 4
2279 10
3188 72
2521 34
2427 42
881 80
357 63
1325 57
2514 84
2386 20
3753 98
1093 19
1391 23
2316 69
4 32
2357 69
1049 51
850 78
1464 97
980 14
3274 34
1662 8
234 42
2138 68
3281 41
3241 99
3491 55
1416 42
650 76
2643 35
127 100
101 99
930 91
39 58
2421 71
1910 19
912 16
3359 33
3853 54
3136 86
2035 46
3308 67
567 96
3775 43
1676 58
2371 99
2345 65
1308 80
57 80
1434 91
4088 12
2883 9
2753 47
2039 2
795 71
967 100
4079 9
3169 65
2570 53
2552 95
192 61
3234 42
1416 15
3066 89
192 95
2661 4
2224 29
3671 12
2189 7
1570 3
323 9
1456 36
248 38
3137 53
1068 81
1769 37
2625 95
33 23
3761 25
3253 47
1795 72
2839 87
1223 40
1637 81
3489 29
439 16
2424 37
3027 79
2678 83
3619 95
1252 63
2674 16
2869 51
19 35
4086 89
2668 91
1281 74
1816 88
3671 49
1468 61
1577 60
1485 25
3983 79
2025 24
1746 67
735 41
2579 37
2262 67
3352 29
659 88
2136 35
816 73
271 76
2802 72
13 86
223 84
3083 2
166 14
4056 97
1787 64
2362 81
125 22
488 93
404 70
2971 27
3678 23
1821 57
1173 46
1757 89
1003 95
3928 6
3426 67
1498 51
3802 53
406 25
3194 60
2532 60
3982 70
3813 39
2266 11
793 92
3164 3
1903 9
3655 25
3721 33
2434 90
3107 94
921 31
2256 56
1939 98
2575 91
1388 6
2861 59
2377 15
3546 76
885 97
2436 42
3397 27
3746 49
3087 76
1679 52
834 42
336 16
2200 24
2602 14
2169 86
3016 76
3521 88
3214 14
1869 22
1612 65
2786 46
3753 42
4090 6
1082 39
993 24
3751 3
802 46
949 100
76 62
3244 48
1502 81
1890 19
1942 35
20 100
1157 13
1484 20
3153 87
950 54
3405 50
2262 53
3444 99
3431 72
1715 43
3538 57
646 75
899 86
2736 51
3733 43
2947 90
3807 25
1385 87
191 59
3419 70
2572 17
1421 67
2493 6
2974 12
434 38
3642 6
1120 97
237 51
3977 87
2161 7
2813 61
849 90
3845 50
3720 69
1910 2
8 52
2989 41
2687 36
340 21
981 97
795 15
2102 26
3367 86
2677 57
3161 91
3280 24
694 34
3492 13
2002 63
1445 7
2702 49
405 100
3 62
2102 77
3670 27
606 74
2748 48
403 10
2709 26
1961 72
3141 88
1468 8
3393 57
1584 65
3163 12
656 91
1253 68
2119 45
3196 91
2315 47
1498 17
3844 26
3813 97
154 15
3575 19
3441 6
1703 73
805 14
1788 86
981 72
3921 88
4038 22
1442 73
2245 83
2672 4
474 27
148 47
2715 96
2883 39
397 9
2599 98
2363 66
1346 77
2409 57
1569 15
700 71
4073 56
2636 80
3500 76
3330 66
2500 41
2637 57
2384 31
1991 23
3744 5
848 60
2522 80
216 91
237 76
728 55
2311 21
1562 46
3926 9
1807 72
1238 56
4050 98
2642 11
2507 20
1444 7
3814 11
76 16
1954 34
3377 51
1546 29
3005 68
81 47
368 96
3303 24
2298 97
1073 73
2523 11
2737 15
1796 84
1399 52
1885 69
458 86
3684 42
611 42
691 49
3593 63
2976 82
2023 19
2958 27
4058 100
1303 61
2848 28
1276 80
14 41
3313 77
1151 87
442 2
271 36
1069 99
3267 73
3691 75
2765 29
1312 80
3894 89
973 32
3088 50
4011 72
856 98
3815 44
3462 75
2423 96
789 89
1368 31
589 30
628 73
3581 44
2785 99
630 16
4040 61
1916 53
2484 89
1140 4
2075 27
930 77
81 4
2447 67
3790 36
2078 3
2868 72
3057 63
887 99
3776 86
3836 52
2949 15
2027 58
1230 28
14 22
865 2
4014 62
2875 89
2317 48
2736 59
2900 48
22 50
1965 75
867 8
3640 74
4078 15
1590 15
1184 85
2856 65
87 21
3764 68
1945 77
1510 63
1113 92
3685 38
579 57
3732 58
1767 34
420 17
2996 78
2777 34
689 60
1329 70
3964 44
3773 11
1455 28
3644 31
2210 44
1371 87
2445 4
1713 92
2963 79
156 38
2014 79
2912 68
2462 67
296 10
1347 3
4024 61
1489 13
268 45
1682 53
2734 71
1147 65
539 88
3849 7
717 31
2107 19
2443 2
2493 85
2324 42
278 56
1823 70
1472 56
2683 67
1948 27
2869 60
1733 61
719 38
1484 47
1118 60
739 8
1467 19
3548 53
3130 91
533 22
34 79
2691 91
1402 11
3683 19
1367 45
3451 24
1609 18
1862 55
1667 13
1203 4
692 59
289 54
412 69
4064 21
1706 98
3713 86
1663 45
2433 31
3771 66
1111 32
2454 32
89 39
4095 44
1893 22
2844 99
2897 91
507 62
2657 54
2488 10
69 88
2452 7
1253 19
1386 87
2811 10
539 20
892 14
3636 37
555 96
330 46
3129 18
2624 62
1394 1
639 76
3535 35
1545 88
3997 91
1439 79
1335 86
788 91
1753 5
1788 6
1897 58
4059 98
2101 31
600 12
1967 76
3493 31
2463 55
3356 65
3752 39
2904 92
2732 32
2555 37
3530 86
479 25
383 86
2367 96
1812 50
1426 47
566 16
4037 77
2655 68
472 67
2005 39
2209 87
2037 39
1282 38
16 46
2254 5
3799 8
2288 84
3698 69
2734 74
1568 22
546 42
3248 53
3677 44
3923 38
556 16
2734 92
3505 79
2236 63
965 5
1993 71
766 11
194 10
1572 80
3971 39
1595 85
2240 73
531 97
3596 55
2806 72
1374 61
3656 22
49 26
1634 57
2052 32
2243 8
3237 77
272 47
3451 96
2630 54
1827 48
1403 58
2606 58
632 49
2384 83
2025 92
267 81
107 25
607 70
2398 75
1930 67
2823 10
2127 89
1693 91
2284 66
2617 94
1652 73
3247 47
2360 14
213 90
2394 74
2667 52
2218 34
3326 94
3013 6
1863 6
91 11
1113 52
387 50
3145 44
1070 32
136 49
2758 25
621 76
392 97
1838 50
1327 72
1357 89
166 28
1929 32
1577 16
1235 42
268 46
518 27
854 35
4050 68
