260 40
171 36
630 19
907 39
452 24
440 91
435 90
641 78
870 54
583 98
747 50
451 97
774 50
467 89
680 91
664 18
275 10
873 57
251 11
141 82
993 24
958 61
446 84
608 70
217 11
412 20
814 67
363 41
481 19
649 26
436 32
58 73
858 9
409 77
419 17
594 4
11 17
595 76
848 93
735 19
5 5
25 20
876 2
708 41
306 15
928 63
862 58
805 16
130 87
208 54
69 21
885 17
174 79
831 18
193 76
14 25
167 44
966 52
535 81
84 71
264 33
762 45
749 86
391 64
380 28
661 81
414 34
120 43
205 55
1007 16
355 19
4 72
993 43
245 27
754 55
653 97
629 77
509 52
150 28
283 85
537 43
925 88
685 98
467 90
19 35
533 51
926 15
556 46
693 39
806 85
997 89
514 78
318 75
79 81
832 89
951 59
676 98
1021 2
30 43
840 70
645 47
899 73
535 66
555 40
535 78
786 39
221 66
271 27
509 5
468 22
658 24
567 33
59 87
186 18
744 99
133 35
256 5
1017 68
909 59
322 92
928 19
313 15
57 22
999 18
297 91
82 33
510 73
5 94
20 40
99 90
611 69
814 66
764 68
109 26
510 20
617 6
178 30
159 95
121 35
488 30
80 38
17 6
939 75
664 65
516 92
497 33
87 69
272 3
706 72
824 8
30 19
804 53
920 68
140 72
695 4
822 36
814 58
823 24
283 16
1 6
237 12
366 89
219 28
127 53
109 58
772 65
426 95
91 70
765 73
980 27
354 44
311 99
542 11
734 10
119 20
756 29
531 86
96 73
348 10
565 96
487 72
669 5
760 7
727 65
400 58
520 86
392 36
374 55
919 14
192 20
587 17
179 76
398 17
618 99
549 53
803 73
540 87
632 20
676 32
182 74
890 28
821 39
6 39
743 83
763 35
526 52
399 74
916 69
446 89
489 88
591 22
136 74
529 7
163 74
431 45
892 83
25 100
919 5
826 50
108 35
990 43
191 24
749 51
248 38
103 53
787 54
202 84
990 2
690 36
743 6
355 43
188 32
402 97
509 1
542 74
950 80
120 94
560 92
52 2
927 85
440 46
142 20
905 13
881 14
470 99
820 43
233 95
715 21
55 61
84 14
904 97
132 79
635 96
405 25
11 90
706 66
213 26
902 6
601 31
473 34
374 66
586 27
834 82
571 22
190 37
278 33
574 54
666 57
108 73
651 11
656 6
1000 14
438 20
79 82
363 39
547 6
266 31
44 94
694 83
272 56
481 48
230 100
572 18
161 23
260 3
453 95
694 11
174 40
262 29
986 84
792 44
486 30
196 34
852 97
577 58
959 25
353 93
10 52
809 17
546 33
209 65
9 21
321 64
672 37
538 71
481 55
962 96
527 94
845 89
233 31
243 66
945 97
278 41
553 14
70 94
944 66
697 84
677 46
598 75
28 42
457 83
865 36
189 81
1010 57
469 36
970 37
289 12
117 53
910 10
988 98
296 1
598 86
859 53
167 32
871 41
734 64
696 80
344 46
514 26
562 66
109 41
919 85
3 90
1018 12
239 99
463 58
959 66
277 73
129 30
157 73
849 85
208 23
263 38
806 41
400 17
879 72
717 79
134 6
32 81
70 68
970 74
896 25
942 95
373 61
47 3
917 44
546 6
942 7
454 89
80 65
242 16
324 94
145 17
725 57
595 66
728 54
980 47
416 43
886 30
723 100
844 60
591 37
552 91
655 34
24 59
820 83
849 53
1024 88
696 47
1018 18
833 44
103 57
840 64
661 6
547 90
633 45
32 78
846 39
928 1
320 65
765 57
281 18
662 59
499 27
674 89
388 33
684 65
802 57
713 93
278 45
555 59
570 40
100 37
225 3
902 27
376 54
312 88
119 67
534 72
102 90
82 100
38 87
646 92
1007 24
369 51
256 62
544 18
815 86
3 23
633 82
138 15
745 58
235 27
807 53
703 86
47 80
914 5
1002 19
146 59
789 39
975 3
91 36
743 96
470 13
295 63
821 91
712 74
348 78
103 93
182 99
507 25
674 95
45 38
598 20
346 37
207 36
82 75
778 91
994 90
668 66
529 16
1015 88
191 45
189 77
908 29
559 95
343 40
424 77
234 30
666 41
666 20
763 63
51 34
442 96
970 81
90 87
103 39
307 57
148 24
661 37
708 61
326 38
11 38
211 68
960 77
812 32
827 86
550 88
1010 40
80 4
454 25
669 35
800 42
469 76
103 18
824 27
811 94
718 83
644 10
697 26
855 52
795 42
1015 3
887 36
772 56
429 25
1011 95
469 35
1000 82
748 70
448 17
49 48
560 22
305 75
137 75
243 5
823 40
187 81
447 79
789 1
114 99
128 29
191 63
25 21
468 67
125 42
452 1
319 74
67 5
590 42
486 45
150 17
118 98
346 51
720 19
931 98
893 24
481 94
353 29
158 30
696 29
196 3
10 27
941 21
753 10
44 67
623 90
691 85
1 36
204 55
178 98
324 59
855 33
151 8
48 43
931 63
507 17
592 44
452 6
381 45
303 66
255 37
764 21
392 92
742 96
338 71
580 8
285 12
417 82
910 55
877 13
961 4
747 35
359 45
386 68
629 84
55 89
705 73
308 97
534 30
219 14
883 10
872 75
909 29
303 46
709 100
802 48
59 54
937 92
12 60
201 2
880 18
221 61
154 52
673 93
138 62
627 7
940 89
429 33
687 12
281 72
172 12
329 13
631 28
494 77
312 13
34 81
779 80
334 8
188 86
559 45
641 74
279 22
972 47
987 46
1010 20
112 49
424 25
122 20
358 36
951 15
966 52
224 41
720 95
131 31
92 4
30 48
595 63
406 100
497 73
885 59
314 20
806 63
350 71
364 7
370 78
356 37
483 80
221 71
154 58
340 78
471 88
678 30
774 44
596 28
363 19
970 97
731 60
702 67
1016 24
473 77
834 46
565 67
793 47
180 6
235 24
47 19
278 25
824 41
821 39
692 4
628 10
755 60
463 35
714 74
304 58
149 38
522 6
589 96
421 63
381 58
472 79
291 14
290 2
712 42
132 43
841 27
876 39
33 65
368 9
532 59
670 31
1 15
708 96
42 33
314 78
333 94
599 70
282 12
329 35
244 15
734 35
766 62
319 48
677 7
782 46
503 98
541 13
166 19
81 9
902 46
934 89
99 65
252 70
835 8
699 39
295 23
531 62
316 51
438 14
769 95
964 6
356 93
614 96
751 62
379 18
133 55
240 90
362 63
522 76
219 86
37 5
856 7
664 1
990 39
317 27
936 20
1012 20
219 26
990 80
353 39
823 31
438 97
969 4
956 58
334 70
41 36
308 58
441 25
710 2
340 95
930 23
418 54
486 30
999 43
19 99
557 15
699 30
303 72
941 50
317 65
161 18
174 62
657 13
499 93
357 19
931 3
493 67
726 65
712 11
981 73
986 37
412 69
724 55
308 40
842 80
190 39
1018 92
419 31
508 86
1006 70
965 22
409 75
529 98
270 99
295 91
563 75
49 16
56 42
316 54
484 37
895 16
996 27
971 70
726 44
153 82
403 5
53 61
658 25
149 12
825 9
280 39
227 6
739 45
816 12
358 5
373 70
349 96
121 26
36 69
449 74
642 40
974 89
715 43
465 93
5 81
498 75
275 18
845 34
440 39
899 66
882 30
435 4
821 68
154 55
347 55
499 73
708 14
899 70
909 64
935 72
795 46
364 3
942 68
266 14
138 1
989 4
639 30
115 16
590 14
442 36
793 18
203 79
211 16
757 45
391 31
200 36
477 21
846 83
967 17
218 49
523 91
66 45
191 84
39 2
587 6
532 38
393 80
825 18
213 45
159 35
953 23
622 60
709 33
804 62
291 92
914 42
453 1
97 47
365 39
603 73
55 40
704 89
14 5
459 17
102 13
230 88
634 49
773 68
789 77
970 32
286 9
324 72
111 3
524 77
407 57
166 46
581 51
465 49
638 43
264 41
23 11
850 39
973 29
927 1
306 82
607 27
431 65
73 74
365 87
750 97
355 86
164 99
844 69
781 65
584 99
326 36
871 75
444 91
426 96
862 24
392 100
398 91
727 49
481 100
455 89
627 8
982 44
299 11
769 44
41 13
281 39
869 8
617 55
438 19
185 26
367 10
636 60
158 99
764 91
104 59
523 13
749 85
368 33
112 38
460 76
992 74
303 35
557 8
447 45
377 48
850 67
516 84
81 79
575 89
140 68
936 70
341 63
86 95
247 34
266 16
848 82
747 66
683 76
336 98
797 60
824 15
873 2
147 27
698 87
509 89
669 71
109 4
100 34
222 91
652 49
21 9
676 59
8 76
438 33
849 7
1001 12
568 88
882 30
183 48
333 59
584 66
979 40
987 35
630 69
585 9
1021 2
820 9
591 82
310 47
108 40
552 26
894 65
938 38
472 5
223 85
909 35
571 88
328 19
826 92
952 70
299 90
338 3
804 4
516 51
98 43
926 33
715 34
847 99
671 50
535 25
930 81
81 61
697 93
730 47
531 17
91 89
490 33
546 1
928 71
324 73
544 18
459 10
607 82
229 14
1015 57
186 4
978 22
741 36
351 41
378 92
388 64
189 52
603 6
480 91
466 34
987 21
865 37
475 14
163 30
755 31
38 89
629 2
636 11
253 58
184 34
189 14
504 70
394 16
622 44
217 89
487 35
781 84
537 15
787 33
662 41
907 18
256 60
298 70
840 36
497 94
792 82
504 58
638 1
580 9
988 3
912 1
296 76
104 25
486 37
993 69
775 64
514 59
654 80
34 26
525 3
394 31
436 23
177 44
2 71
79 98
161 87
890 87
800 37
628 39
158 9
431 27
889 95
396 66
906 51
625 61
117 32
378 14
37 73
326 27
257 55
806 36
890 93
457 5
40 26
349 34
873 64
908 75
908 61
11 34
770 75
859 24
453 92
720 26
831 59
192 29
161 79
408 39
436 52
695 50
554 77
926 100
845 78
1000 55
337 68
675 25
276 75
790 15
150 68
836 85
878 89
937 21
509 53
565 100
984 20
518 70
724 21
491 43
254 57
397 65
327 100
386 24
732 21
611 52
334 32
930 61
42 20
910 96
800 28
212 76
1014 80
52 11
320 57
14 45
289 39
649 72
27 40
949 24
335 29
955 15
275 48
211 69
686 52
330 75
487 46
705 82
47 21
980 39
247 62
840 68
831 96
986 24
567 14
57 79
696 94
610 83
829 2
9 35
750 22
442 46
272 86
321 41
532 96
584 53
804 32
845 90
992 10
477 43
334 80
677 16
56 12
185 33
186 42
460 89
488 53
82 7
455 62
178 71
654 11
248 29
939 91
88 42
783 7
640 39
446 52
790 51
6 36
595 69
587 69
991 59
793 23
675 51
573 32
47 61
869 56
670 49
855 94
466 35
503 71
1021 34
371 86
459 37
898 28
660 12
1010 89
960 23
686 92
498 45
428 40
610 3
2 18
204 15
601 15
764 83
780 46
968 62
743 53
910 29
305 70
257 79
679 8
843 4
826 11
200 19
549 83
473 63
391 84
721 9
966 17
732 71
223 50
864 89
87 49
39 36
366 77
156 67
382 65
486 8
150 99
329 65
606 97
687 53
827 30
143 51
664 38
579 81
675 92
75 10
864 11
519 28
244 53
699 46
115 37
856 57
102 28
636 75
781 86
504 59
991 86
468 54
430 71
975 11
876 6
264 44
807 55
117 16
831 60
17 87
108 25
438 20
795 95
961 23
21 60
977 42
211 13
829 24
656 51
442 82
282 25
461 20
1002 22
693 76
661 20
623 36
499 26
564 30
530 73
39 67
468 93
189 3
810 34
260 75
525 29
627 74
228 2
256 23
541 67
672 47
284 42
612 14
626 91
39 57
733 84
643 31
357 31
705 80
185 54
889 33
427 95
629 59
243 60
71 35
615 96
134 14
98 35
145 43
456 1
322 67
814 97
68 5
812 78
253 38
921 69
466 84
372 21
599 94
853 85
805 48
964 89
643 85
808 18
726 52
371 91
295 18
893 64
302 40
33 1
797 9
903 31
472 96
548 5
591 54
322 46
266 24
271 4
727 54
588 4
562 17
413 19
686 8
719 36
464 99
170 48
644 25
991 26
863 58
389 26
580 50
916 88
905 39
709 56
720 92
762 73
741 34
26 38
396 33
856 82
341 21
725 46
1019 2
872 34
10 31
161 72
191 34
515 91
753 77
732 42
305 27
682 8
697 29
370 63
58 82
358 15
248 14
665 100
969 94
33 6
726 44
937 100
541 74
662 74
535 81
770 90
773 28
622 40
1009 13
522 87
555 61
124 41
187 87
315 79
282 72
581 34
580 62
91 92
496 51
685 54
957 34
425 23
707 91
439 70
144 11
105 6
435 18
244 94
817 8
445 85
880 86
707 49
186 18
64 18
95 53
441 32
423 56
163 6
255 47
469 60
51 53
515 38
590 27
55 81
387 7
883 78
4 10
503 44
732 19
358 91
176 66
980 87
398 1
317 10
1020 76
830 86
801 3
8 89
13 43
73 51
235 98
408 63
713 57
179 5
869 39
687 85
403 73
429 27
515 12
920 79
257 25
678 33
144 94
498 61
394 26
98 52
673 95
948 89
794 66
231 92
702 80
502 63
55 61
182 32
905 86
701 32
986 28
153 37
543 96
578 42
126 32
578 85
325 64
159 73
382 53
227 1
95 54
327 40
374 58
94 19
454 57
264 80
403 10
92 3
1010 21
606 68
9 97
159 92
323 18
335 4
9 78
621 90
858 6
211 66
379 61
764 56
40 73
268 71
808 62
522 41
227 56
28 19
608 84
976 61
1024 28
180 93
815 46
352 82
903 95
702 69
765 64
244 6
862 92
287 49
483 22
325 28
960 3
953 51
78 58
32 68
905 61
111 3
167 46
710 82
43 56
514 80
6 34
13 12
767 37
790 68
744 4
962 10
530 5
558 81
653 38
447 65
238 37
360 8
565 56
542 3
180 27
160 35
800 93
815 12
3 87
54 96
749 26
433 68
683 29
270 63
692 11
968 29
839 26
644 59
469 38
350 26
858 47
10 58
1020 41
492 49
195 18
131 96
975 56
607 6
17 29
429 53
36 51
834 48
205 45
774 50
1020 66
113 55
453 11
7 56
781 25
931 10
63 59
886 71
885 32
925 33
297 18
639 63
267 51
976 65
308 25
489 67
765 76
680 36
643 97
993 57
752 72
450 5
383 40
495 69
556 23
217 29
705 26
551 50
772 7
146 61
35 54
171 26
740 9
932 71
853 100
588 22
735 68
217 20
601 57
316 2
714 92
34 56
715 92
289 2
120 76
364 2
156 40
60 58
937 90
144 90
118 15
83 15
400 19
55 40
891 65
292 27
295 90
644 69
660 46
804 52
640 7
268 94
479 52
951 56
931 38
170 40
961 96
52 79
947 50
736 65
903 85
171 13
384 60
614 14
640 98
514 70
177 1
1021 16
649 38
694 70
830 82
552 92
392 6
716 12
707 34
774 46
730 18
281 26
180 57
319 24
616 94
235 34
618 30
605 9
848 32
883 26
944 42
980 14
183 56
680 55
636 44
315 97
783 63
755 29
267 77
868 9
1018 2
595 19
891 53
534 8
419 90
320 48
797 31
959 91
590 61
52 14
446 80
374 92
309 29
292 22
625 26
601 29
363 36
864 7
793 55
945 3
450 90
329 26
169 98
872 72
920 53
909 80
265 95
337 42
859 70
879 59
323 11
414 15
633 53
774 68
549 64
730 8
311 7
537 56
502 72
782 95
709 83
133 15
990 12
824 7
441 82
64 27
608 99
643 42
692 54
643 37
380 41
222 81
769 59
489 75
605 94
513 11
675 58
273 48
874 36
419 75
937 79
696 9
918 56
31 72
958 99
780 91
260 58
880 78
998 30
112 1
948 93
528 89
937 39
762 30
71 29
548 3
33 29
1001 84
747 49
355 5
777 8
324 86
555 58
348 6
93 11
597 80
532 32
409 22
561 52
330 100
834 79
700 95
580 95
995 27
510 2
161 62
122 55
43 32
884 94
294 52
405 59
552 64
410 97
606 16
522 43
1011 41
704 37
875 51
9 69
1003 23
444 24
125 55
28 83
66 75
696 49
749 96
856 69
607 7
536 7
650 99
583 16
368 75
701 7
122 32
461 74
193 41
294 23
96 6
261 79
735 71
239 22
692 60
264 2
962 19
569 54
1023 82
793 21
413 66
332 25
296 35
349 25
775 66
539 14
218 43
766 37
204 95
342 47
1022 97
655 51
195 82
1001 11
401 49
1010 55
227 6
31 92
520 14
600 91
15 48
389 36
225 75
129 79
427 7
237 15
751 30
652 90
811 100
307 18
849 12
489 63
756 54
567 79
2 97
540 34
377 56
597 86
584 89
67 74
533 56
965 76
597 65
445 71
295 86
441 14
491 25
998 87
433 21
892 35
597 93
786 5
745 6
293 17
519 52
837 30
733 20
383 71
719 9
148 93
964 5
936 80
803 31
884 7
226 62
411 72
860 60
905 93
665 48
284 18
906 64
1013 28
1012 71
862 15
692 80
35 63
995 41
585 52
922 63
241 69
575 76
476 77
1014 5
116 76
462 57
421 20
217 8
737 44
875 19
363 40
874 87
552 35
457 42
543 12
1020 98
575 45
848 94
355 29
1016 84
175 53
448 20
326 98
705 16
629 95
740 23
101 28
213 88
631 79
379 90
314 71
621 16
580 64
565 85
849 40
794 24
650 81
338 100
1007 20
940 72
39 88
773 46
598 15
868 56
357 34
487 33
183 8
484 55
388 62
115 76
699 98
988 53
184 34
987 87
497 65
733 29
949 28
875 76
234 75
923 40
686 77
778 12
585 85
915 67
291 87
558 10
981 34
575 49
279 68
677 48
287 2
450 18
994 78
827 48
903 43
795 72
186 42
459 88
966 27
716 91
450 94
771 66
875 36
41 62
882 91
186 91
254 64
589 59
999 40
773 76
871 42
154 54
946 81
392 5
649 28
696 11
986 44
349 68
552 2
480 72
649 100
1007 35
339 5
603 88
348 49
192 4
216 98
1019 28
332 29
782 83
777 27
742 47
619 47
159 21
965 68
628 27
328 83
171 35
586 59
187 66
811 82
957 49
201 40
754 30
769 46
269 41
255 70
146 70
722 14
316 81
192 93
158 68
310 45
1017 17
1009 97
243 73
363 81
612 34
873 82
951 92
319 58
348 72
109 7
541 18
743 90
109 36
593 45
850 77
563 96
44 58
436 25
468 68
989 81
461 78
923 42
253 33
365 92
581 24
813 94
499 6
83 25
566 68
575 67
446 71
939 58
816 24
332 40
535 86
233 88
931 67
121 45
140 2
527 12
146 55
113 26
724 57
327 50
77 85
582 51
520 64
161 55
166 79
785 97
503 4
508 26
869 64
167 14
152 16
893 17
465 60
693 71
552 3
872 2
568 61
543 73
39 59
827 89
689 50
969 72
669 46
445 14
848 18
439 99
463 27
455 40
643 53
505 45
865 15
305 92
11 22
66 94
655 48
261 80
283 35
10 37
998 62
172 57
385 100
464 60
575 49
407 67
211 8
39 40
305 83
279 46
413 54
631 10
562 89
379 83
811 96
30 56
997 51
914 90
15 59
324 88
945 30
505 14
304 48
715 26
389 43
417 27
482 54
719 23
520 29
633 21
650 73
123 13
26 17
293 9
909 31
308 3
115 22
257 44
299 47
1017 28
538 84
694 66
739 40
256 74
850 2
581 61
387 31
728 3
359 6
924 74
317 11
933 66
559 58
548 32
937 21
805 74
765 2
104 65
531 35
111 10
648 95
885 34
881 52
138 53
97 46
349 8
610 56
457 46
448 86
347 96
992 61
901 44
304 6
667 61
244 37
55 13
1011 33
182 27
914 56
797 83
553 86
133 2
309 53
860 20
488 57
272 57
848 83
788 23
804 67
772 18
616 2
275 12
943 93
627 99
193 47
405 2
756 92
277 84
346 39
353 93
538 56
460 96
735 62
620 66
385 90
761 88
193 21
775 63
881 6
668 45
270 63
364 71
293 56
732 84
655 45
497 74
268 65
132 52
839 48
478 58
216 79
215 57
992 1
682 35
398 26
58 14
719 80
691 78
600 45
170 100
313 76
52 36
42 17
525 64
881 94
150 80
187 29
101 61
1005 13
427 43
105 4
437 42
493 18
165 52
954 26
345 46
588 54
1005 41
392 16
443 2
826 79
471 43
862 82
502 54
45 18
861 34
749 93
85 77
447 4
44 67
781 4
1000 83
626 81
86 54
363 71
886 2
581 34
133 44
227 40
287 96
386 71
133 5
755 25
93 93
898 75
305 41
967 53
412 55
1014 82
671 1
725 63
4 86
845 65
876 6
423 39
979 74
37 9
163 99
335 70
637 54
141 77
336 5
315 58
811 90
270 14
951 67
892 1
485 62
731 12
541 41
326 79
40 74
817 43
704 52
55 16
696 73
870 40
857 44
352 98
649 25
141 67
728 37
683 50
380 7
278 19
210 20
881 84
688 7
163 34
372 7
346 98
164 30
865 58
745 4
896 11
692 59
741 69
572 43
44 29
142 14
453 62
179 34
277 31
876 17
850 43
76 32
253 48
443 22
939 39
1015 32
420 76
330 53
159 63
956 97
60 4
968 35
462 45
418 12
883 74
803 75
865 57
866 98
706 66
777 26
818 65
326 87
769 40
694 21
604 53
608 79
303 50
989 82
836 59
381 42
669 62
774 48
345 20
310 97
603 71
833 1
1015 25
24 99
459 43
246 27
353 22
1001 62
78 82
869 56
191 63
320 14
281 19
755 69
533 61
236 9
285 25
833 50
260 7
973 20
975 8
550 60
900 67
206 67
33 10
644 49
657 17
575 80
331 18
637 71
487 80
804 92
86 93
997 48
921 36
553 19
198 56
179 20
490 90
504 19
663 21
437 43
939 4
374 4
686 19
547 74
819 34
762 57
352 57
372 91
317 95
414 31
696 99
761 39
388 81
681 32
831 91
432 26
990 3
220 53
963 14
41 55
412 48
996 25
130 57
718 11
960 19
823 16
892 59
176 47
339 54
864 52
917 37
405 18
334 44
675 82
267 18
432 22
408 80
815 61
355 68
813 1
340 28
307 69
230 39
246 95
523 54
473 43
687 86
459 33
931 54
57 64
548 10
267 46
895 76
631 31
256 43
213 84
311 32
930 7
154 39
155 4
124 99
71 71
327 46
166 67
847 14
874 7
431 28
705 64
303 38
135 91
987 26
744 90
954 21
1017 11
774 63
868 5
313 26
372 98
291 67
152 55
908 31
915 20
889 1
79 38
889 40
1016 84
414 92
492 75
253 84
971 83
975 54
883 74
221 9
111 24
231 64
12 84
56 29
746 18
359 11
295 27
177 27
396 53
955 12
85 13
823 51
94 11
945 67
922 69
1019 61
143 36
960 82
956 18
878 60
889 35
410 62
884 79
795 51
958 14
926 32
240 34
48 65
843 63
759 68
308 20
55 19
653 86
919 26
75 18
906 69
245 22
739 20
609 1
871 57
64 66
901 47
50 21
27 59
334 24
444 35
617 44
797 94
3 26
188 51
765 64
336 26
815 20
229 50
221 45
1018 68
386 28
228 36
393 61
947 70
19 19
23 11
317 60
450 20
672 1
337 42
358 78
512 75
857 51
884 67
634 95
763 56
439 90
919 43
467 33
153 70
359 42
493 73
320 37
308 46
188 20
758 57
526 25
333 63
554 59
199 33
175 15
898 44
396 15
238 10
547 42
25 73
933 8
957 88
555 82
409 12
822 36
882 50
507 84
857 63
226 60
217 19
876 33
407 19
628 6
293 5
379 29
1014 55
461 66
634 58
186 18
904 2
82 89
868 19
533 43
372 31
572 9
352 25
780 13
771 61
220 77
35 36
297 21
199 90
911 34
873 83
880 98
7 63
579 15
599 82
695 58
274 41
664 49
770 24
788 96
715 17
243 47
517 34
23 47
888 31
615 28
948 44
968 6
775 51
789 3
223 1
831 82
763 16
969 67
399 39
163 29
178 6
6 84
849 82
413 15
918 16
172 36
812 75
469 6
412 67
288 88
997 45
773 84
440 13
432 90
736 35
262 32
67 99
732 60
172 97
910 67
924 49
974 50
219 51
430 88
901 99
579 25
503 36
910 57
981 74
810 30
113 72
702 68
745 78
518 24
657 39
251 2
421 72
879 60
165 90
980 49
523 79
249 81
649 15
344 93
222 46
774 99
264 16
850 59
844 61
1008 18
110 84
360 34
472 86
473 93
384 97
960 12
718 23
603 50
148 49
205 26
182 9
472 18
111 30
487 24
1007 40
322 59
666 89
144 1
151 66
589 61
815 23
716 80
274 42
368 9
10 99
752 31
982 54
127 46
944 72
646 38
921 87
815 19
703 67
509 8
84 90
138 45
1012 85
735 36
473 100
308 92
477 43
867 9
860 77
199 61
718 79
874 97
924 54
440 33
26 71
576 56
487 80
813 50
210 15
558 30
588 14
80 55
542 26
481 97
931 85
898 34
613 46
832 5
133 50
696 54
195 48
792 52
615 13
119 32
916 62
337 82
881 74
31 16
845 30
959 46
694 69
535 70
866 84
781 44
92 52
112 4
772 81
574 69
665 28
698 82
554 6
203 23
394 16
420 67
944 22
477 13
213 46
838 74
917 71
741 59
837 80
312 42
392 48
224 82
699 14
663 43
198 30
448 61
204 45
73 86
383 20
356 40
970 55
978 15
260 39
983 43
150 27
875 21
110 16
62 88
906 84
424 19
4 4
2 98
609 19
481 85
930 2
526 20
672 25
368 53
796 38
562 47
280 91
348 85
930 31
377 8
488 53
556 95
999 17
166 72
977 9
597 75
317 30
703 94
193 13
864 75
827 47
722 58
186 55
470 92
717 21
324 97
452 90
286 57
451 1
568 13
228 47
196 80
384 26
244 48
212 13
732 66
445 87
806 67
656 19
436 4
921 74
269 84
418 20
539 83
475 73
181 72
806 94
125 77
293 53
890 42
733 74
155 87
193 47
18 82
206 2
213 65
778 99
814 58
545 1
905 27
48 73
496 84
311 12
11 44
402 21
333 72
337 98
238 77
992 40
668 5
439 5
109 57
423 53
482 99
185 55
979 94
605 63
449 16
469 98
787 18
555 13
427 43
148 54
43 27
866 46
722 95
8 15
49 12
443 45
75 21
930 18
413 46
523 60
862 92
649 29
827 9
840 100
336 72
665 16
65 83
81 16
131 8
425 86
755 35
138 59
249 95
701 46
688 11
328 60
618 60
672 32
122 74
844 52
710 20
742 18
958 42
856 8
630 83
1014 52
761 77
437 45
720 8
279 83
304 10
661 94
538 51
569 75
207 49
697 72
971 66
617 49
525 70
389 64
288 95
733 41
501 60
214 25
163 6
597 8
645 13
104 51
58 10
388 31
435 30
903 60
667 4
452 67
85 59
742 50
49 20
952 23
141 5
285 96
673 73
512 6
771 95
1000 23
732 9
994 25
864 5
110 93
420 92
