919 7
972 99
521 91
371 74
285 100
819 25
300 69
690 45
868 4
423 94
27 78
907 25
138 91
69 29
988 89
232 75
449 68
252 37
929 54
109 44
366 26
806 60
89 8
580 14
615 73
8 15
82 14
256 66
849 29
425 26
25 4
254 19
275 40
500 71
181 70
264 29
14 57
653 7
678 3
312 50
586 59
840 96
821 19
388 5
467 2
999 23
756 45
415 78
874 62
295 36
313 3
435 73
642 83
810 22
846 45
627 52
328 21
481 7
430 54
618 6
999 81
242 11
409 82
654 92
777 40
876 54
77 28
274 45
708 27
916 30
798 15
393 73
319 79
838 99
16 11
795 43
271 68
2 15
124 11
148 1
487 94
956 39
905 62
231 10
481 3
409 92
981 56
949 92
218 6
170 7
181 57
750 54
666 92
213 64
132 38
613 68
140 84
894 39
995 61
133 65
60 72
149 14
699 26
540 27
451 91
745 2
652 8
318 87
758 42
509 44
671 68
799 19
877 42
468 94
693 16
824 79
642 71
933 87
179 17
348 17
369 38
406 1
44 28
797 38
572 50
885 83
475 62
918 22
326 20
374 3
766 92
486 95
341 34
485 33
729 92
768 41
538 65
896 2
339 20
314 26
381 88
574 37
311 14
973 51
666 52
875 20
384 71
741 42
378 77
743 30
554 69
678 8
6 82
861 45
161 19
710 3
255 13
919 64
353 23
330 65
641 10
86 33
115 4
705 17
756 72
193 79
390 96
937 100
993 69
666 71
562 61
60 39
737 88
651 85
708 65
5 20
878 16
641 67
841 63
312 40
816 71
810 75
66 87
833 19
510 68
763 64
449 57
332 37
898 2
996 65
863 23
773 68
751 25
797 28
444 62
433 54
383 99
312 25
220 59
102 97
856 77
597 53
1006 83
717 90
403 65
585 51
821 5
1009 54
365 65
572 9
745 73
307 4
673 86
950 14
952 27
372 69
845 19
840 86
737 14
730 7
367 54
970 17
863 28
543 36
595 55
448 89
389 8
775 59
509 20
595 62
385 94
98 61
377 81
20 2
426 26
293 95
171 84
541 34
220 92
430 47
389 12
18 36
228 9
173 43
18 97
410 76
435 56
2 31
76 7
168 17
222 82
373 45
962 70
422 99
599 72
843 19
901 3
828 16
906 93
857 34
903 22
918 33
681 47
983 34
323 2
1009 24
952 33
17 18
780 24
894 94
547 6
852 10
390 51
932 43
882 59
861 62
468 40
454 72
231 27
751 52
892 52
147 98
128 88
234 47
639 73
751 75
210 93
552 14
824 54
747 19
538 92
154 30
487 94
942 18
461 8
19 81
973 19
342 5
345 42
1008 79
45 12
266 91
797 23
687 10
982 20
75 18
602 85
302 34
588 12
928 48
790 36
419 31
159 14
344 64
421 18
864 39
858 33
44 94
164 22
116 33
484 59
403 10
151 44
855 81
531 65
307 27
608 70
214 46
547 36
446 49
278 85
551 64
682 28
783 57
504 63
34 37
715 54
154 99
264 69
203 88
442 90
192 2
682 66
584 73
763 12
905 34
324 22
207 43
29 75
96 55
837 1
544 95
557 81
1018 51
36 20
974 4
14 69
946 2
543 32
756 99
333 23
459 37
741 81
377 24
471 40
36 3
898 27
286 99
425 17
136 60
411 95
922 14
485 97
762 9
116 90
614 11
361 17
981 79
188 61
165 47
319 45
716 22
562 50
712 33
1013 47
847 82
250 32
343 41
943 64
335 23
1019 18
893 7
515 48
826 31
225 50
618 19
918 35
37 6
582 22
523 51
113 4
581 69
169 45
380 68
293 78
598 45
876 49
435 93
886 99
652 84
169 64
260 79
748 17
263 94
503 42
211 74
1002 17
444 11
252 45
722 10
910 48
371 82
1014 33
445 69
557 95
104 48
369 85
780 42
211 40
873 84
833 13
328 51
196 98
451 54
144 66
827 16
401 16
578 100
433 77
173 87
736 4
2 74
147 76
775 77
237 61
1021 70
970 68
495 50
551 94
663 4
695 5
135 93
211 41
510 15
597 40
137 15
61 90
575 77
722 61
611 29
993 100
1024 79
279 33
47 40
302 33
258 66
856 50
116 36
425 6
644 59
749 68
423 60
684 28
111 79
554 2
379 95
923 35
185 10
851 56
287 52
410 69
896 24
275 80
288 60
881 29
497 30
175 51
157 60
696 64
848 84
62 7
353 30
617 6
731 70
348 29
95 73
928 17
696 83
160 56
149 6
522 70
1015 12
79 12
328 59
57 44
160 55
872 58
730 73
519 92
197 91
448 71
963 94
413 88
471 34
652 33
853 71
1022 26
751 61
261 57
1021 67
813 55
458 82
436 2
553 7
28 72
359 96
415 39
653 48
517 13
441 25
780 55
941 75
489 45
968 57
196 60
478 56
31 78
166 88
860 51
6 60
487 78
729 91
789 29
266 21
872 73
65 95
989 70
551 6
279 12
263 56
636 37
995 23
615 57
220 58
523 44
442 79
159 38
553 62
938 65
669 94
681 45
324 3
630 59
219 77
501 18
187 90
33 92
397 46
303 81
178 73
836 52
1006 52
206 17
405 7
201 21
850 73
652 80
912 19
264 88
859 74
172 58
831 15
791 46
657 67
597 4
708 57
889 99
110 3
558 95
578 42
407 24
402 15
535 82
861 62
782 99
906 35
595 33
719 29
421 16
326 5
391 6
786 7
456 43
565 58
118 70
554 33
845 9
435 74
436 17
414 83
685 58
664 90
673 8
622 21
942 69
58 82
961 32
495 61
715 7
193 92
545 79
562 23
509 73
233 66
609 26
769 71
494 46
225 3
632 20
1021 81
502 81
812 20
900 58
414 97
781 59
667 40
359 52
1006 63
441 97
49 58
692 44
888 42
455 45
507 29
147 93
194 67
989 99
635 84
828 32
996 32
250 40
844 28
95 48
863 10
901 94
1 72
17 29
1017 63
346 24
617 54
999 27
381 81
909 11
592 66
772 58
114 3
42 88
57 51
126 80
172 32
626 23
741 84
894 23
257 82
874 17
886 37
168 26
94 90
383 15
96 79
990 44
454 69
572 91
110 53
278 46
384 45
770 59
473 44
543 97
264 67
990 50
585 89
1013 100
791 81
365 21
179 3
616 48
649 96
650 58
415 41
966 34
223 63
581 50
398 13
116 14
492 88
830 50
296 37
43 77
455 38
773 59
1005 3
991 99
316 58
513 19
232 11
503 39
886 33
793 55
855 93
919 61
698 85
818 90
996 76
129 89
474 38
239 59
642 63
616 36
109 7
219 36
972 100
541 96
400 6
828 2
176 47
699 21
613 64
875 76
875 92
899 15
415 97
17 88
587 65
1001 30
29 26
799 39
457 67
175 69
992 65
760 100
954 45
405 67
659 38
30 55
414 98
418 85
692 50
365 30
581 89
528 73
457 63
325 50
268 69
268 77
125 16
457 93
118 64
323 68
33 77
318 81
935 44
689 63
290 86
550 31
14 88
737 16
931 67
537 75
255 86
500 47
961 47
154 68
450 53
69 63
607 1
213 3
576 10
120 92
208 85
71 84
883 49
207 7
977 35
68 55
11 59
220 88
257 72
349 15
991 33
230 14
142 73
229 56
154 23
416 23
776 15
159 92
447 66
339 75
794 94
182 67
92 33
207 85
850 76
192 75
1021 25
136 41
393 70
981 16
515 43
378 39
509 41
364 61
202 30
204 24
41 27
273 16
19 94
632 96
13 72
949 67
56 94
810 21
853 4
532 54
720 89
896 44
473 69
60 29
688 93
731 85
610 97
575 43
817 85
838 71
229 31
285 41
304 69
282 55
757 63
337 11
561 86
862 12
910 100
941 91
300 34
337 8
816 91
967 97
269 34
70 63
346 37
784 66
674 91
824 50
921 19
292 17
999 74
535 62
325 43
619 66
265 17
36 33
776 50
139 10
501 73
522 99
715 2
896 73
567 77
436 56
886 7
746 86
350 23
695 46
90 32
919 100
612 50
95 73
474 82
28 39
370 61
17 34
606 24
809 66
788 13
381 18
267 30
261 18
220 90
74 16
378 23
291 31
258 22
589 11
144 52
1016 9
723 64
436 59
433 96
487 85
1002 35
724 65
277 87
591 34
371 44
405 78
21 11
508 69
761 29
538 10
781 80
498 12
956 91
636 28
1017 62
969 8
200 59
270 78
200 2
292 84
487 86
915 37
802 63
654 56
528 41
467 25
122 90
256 73
748 91
1017 98
210 38
78 90
878 43
905 71
559 2
334 31
647 32
918 8
463 51
1020 46
708 16
382 66
620 59
702 91
73 12
174 55
589 43
874 91
990 86
643 73
450 22
788 62
604 100
955 67
760 33
564 73
272 82
590 39
570 92
559 17
55 100
686 17
277 11
245 42
91 59
195 16
671 73
517 3
796 57
827 69
719 52
130 27
620 23
372 75
656 14
793 1
70 77
503 20
805 49
282 71
840 10
828 23
154 26
671 81
611 22
667 43
766 91
344 88
417 3
37 95
855 67
900 47
567 46
409 39
507 36
442 66
560 62
295 11
705 60
447 94
345 16
508 50
433 2
633 32
362 63
720 32
91 88
344 79
724 37
381 97
279 45
72 57
748 28
998 43
631 77
987 81
779 34
394 54
514 48
232 22
826 61
611 22
892 60
601 29
45 98
525 64
69 26
362 74
816 45
692 37
654 57
765 55
244 2
126 7
130 10
377 20
130 44
10 43
671 53
323 38
710 65
873 26
633 63
529 54
698 99
910 66
74 6
849 19
810 26
1010 93
624 90
988 23
327 31
974 23
14 67
384 33
803 2
812 85
157 63
259 83
105 99
420 55
960 21
371 31
173 72
1014 43
179 68
887 71
350 89
769 12
188 77
510 5
981 39
311 69
827 22
79 84
190 51
380 69
803 5
882 16
118 96
486 8
540 81
132 61
900 30
406 48
570 89
907 46
161 72
144 56
945 83
470 98
321 64
824 52
616 28
504 45
872 12
730 44
187 73
833 29
278 35
623 69
411 31
804 84
871 40
377 58
256 45
702 93
972 5
141 31
534 24
226 12
462 83
688 78
350 23
786 50
33 15
1001 2
202 52
722 18
189 45
724 50
140 65
1008 2
263 38
19 62
711 41
491 68
652 69
299 42
345 96
934 83
526 21
741 32
558 52
940 39
210 1
12 56
620 97
413 15
187 98
715 100
448 78
940 29
385 33
808 5
493 100
81 90
546 44
327 72
299 21
948 46
260 21
777 89
614 38
43 28
256 35
32 54
72 31
750 11
101 53
767 1
449 39
172 28
769 23
435 12
156 50
946 47
792 93
68 6
279 17
742 90
755 50
221 43
201 60
357 67
529 89
617 92
292 75
338 8
441 90
726 51
725 94
94 89
407 86
562 47
219 82
1008 49
47 4
607 17
383 89
111 32
963 93
78 7
189 1
911 61
128 14
79 86
503 93
405 19
203 3
201 19
826 90
835 59
559 63
902 69
123 84
800 98
12 51
741 36
387 22
184 95
860 24
897 12
6 9
982 72
40 80
254 51
322 78
713 43
176 91
284 71
704 88
374 2
503 40
591 44
61 42
724 46
277 74
347 94
188 64
321 63
344 49
87 44
883 77
405 32
774 10
186 86
749 22
783 23
296 16
40 9
581 74
701 97
487 1
754 27
390 29
91 75
535 34
390 83
461 30
630 3
997 54
796 5
620 89
368 18
329 73
288 68
906 84
401 61
639 57
108 71
518 26
968 44
1009 7
688 24
175 40
358 27
705 76
85 55
737 5
896 56
742 12
270 89
420 94
455 77
199 30
257 71
564 71
514 14
245 24
816 82
269 11
862 42
300 1
256 50
329 88
62 73
137 16
43 82
555 7
434 75
211 34
241 30
973 20
921 100
544 68
290 82
960 68
813 23
488 15
793 77
820 97
800 61
217 14
741 5
881 15
233 81
717 91
466 87
134 7
443 37
222 14
65 7
600 93
34 83
175 49
595 32
601 59
327 29
847 78
347 13
175 72
936 42
167 40
285 40
319 45
734 16
312 53
73 3
583 47
686 100
887 41
429 9
28 38
945 61
635 2
921 33
955 59
576 15
168 75
126 28
683 5
584 84
900 1
237 96
342 45
558 37
196 66
923 98
291 74
829 18
770 23
480 39
396 14
320 65
912 4
272 23
197 51
610 49
839 98
837 46
765 95
113 5
780 97
852 33
704 37
83 12
689 70
336 47
964 33
240 80
820 22
751 62
817 37
346 91
280 89
1023 30
780 48
351 91
234 85
896 61
302 8
944 77
592 18
45 24
196 83
689 26
503 30
333 48
691 15
566 61
306 17
847 70
574 94
481 94
408 35
583 28
987 90
417 62
726 60
285 89
828 5
361 51
723 11
337 4
656 3
321 56
1012 52
629 20
219 94
490 63
340 96
700 94
1019 86
16 21
148 32
392 62
400 77
617 4
789 95
458 38
109 42
449 3
777 88
678 88
933 40
103 56
525 13
466 8
271 35
542 15
770 74
529 46
95 90
466 48
552 97
901 42
42 73
971 98
19 74
856 49
327 78
57 17
30 78
35 30
828 57
820 88
208 38
980 100
587 48
557 93
6 89
369 85
104 25
953 71
181 39
709 37
435 88
282 23
428 93
831 31
727 15
154 51
920 54
1006 65
348 22
230 88
596 87
991 4
3 64
927 85
611 61
314 69
825 10
9 84
950 35
999 6
286 78
679 93
757 84
50 54
679 99
479 6
294 83
881 25
426 78
660 99
672 72
167 75
392 25
241 38
455 41
176 9
853 52
958 100
731 77
389 1
186 79
936 41
643 39
384 28
332 3
8 1
80 34
715 100
622 55
643 70
1002 63
332 67
486 25
972 54
249 34
901 30
434 18
99 17
277 26
994 74
50 95
366 67
288 37
548 15
755 32
713 58
363 26
902 37
676 74
174 39
710 28
579 37
417 96
880 68
626 32
640 91
977 89
848 62
943 44
594 83
654 56
534 64
103 77
178 69
720 94
256 33
45 14
609 14
271 4
196 42
25 78
398 77
996 62
553 1
203 72
577 96
9 80
742 66
864 18
605 69
598 83
289 80
743 68
871 79
766 27
976 93
388 45
34 68
41 37
18 61
68 28
887 91
472 10
510 98
416 5
587 65
690 77
1001 85
580 30
575 100
495 68
1015 1
285 29
460 85
65 37
501 71
2 98
373 75
237 65
127 66
407 34
787 23
569 44
442 48
58 11
228 66
223 97
889 63
267 88
636 89
700 79
907 85
952 69
518 41
212 36
549 83
811 62
982 40
71 17
689 61
601 2
732 91
233 31
1008 24
771 88
631 25
451 49
864 12
695 24
972 86
430 50
905 42
15 80
41 11
476 58
39 7
296 75
870 37
550 24
893 28
35 3
758 79
33 39
1020 66
813 19
245 3
445 77
338 100
324 35
80 25
740 58
773 21
28 25
201 4
943 62
210 38
1018 37
316 52
599 87
690 90
657 29
871 72
1001 69
894 79
121 62
723 26
685 72
487 21
614 62
272 27
807 10
382 53
455 75
388 80
239 2
345 83
469 76
867 92
109 44
986 64
344 63
527 35
211 61
559 81
980 51
4 14
997 46
402 59
86 97
783 32
65 87
411 14
420 94
137 32
700 71
595 4
680 25
707 76
225 61
131 33
770 91
585 61
452 76
734 85
616 28
1016 74
1011 44
710 62
314 14
522 91
308 81
125 87
826 78
290 2
910 5
342 82
851 79
924 32
21 31
254 86
759 25
407 70
467 93
188 64
182 51
795 98
49 42
181 52
332 79
206 29
956 41
388 62
640 79
275 47
471 91
529 25
626 40
172 44
303 27
476 31
867 30
495 48
107 12
155 93
334 100
293 58
565 23
218 9
801 38
119 34
580 9
244 90
471 74
897 14
219 89
955 73
847 29
496 8
113 93
173 59
693 54
899 44
808 71
757 28
207 18
959 85
437 55
362 76
877 36
304 22
286 94
21 12
392 62
178 16
670 58
785 57
624 86
103 92
30 52
484 66
317 36
1011 21
13 42
747 89
261 98
453 19
701 80
508 16
753 29
142 26
478 32
127 68
351 37
438 32
435 74
426 56
916 70
438 4
762 99
372 50
150 34
513 81
793 41
264 81
914 73
83 79
110 65
350 78
777 56
182 79
804 69
955 64
847 66
946 68
705 13
994 15
866 40
484 77
582 98
874 57
516 39
515 68
875 25
67 25
103 94
683 51
530 84
96 34
606 95
917 1
184 37
723 84
575 5
450 3
367 36
261 19
459 53
764 6
1019 21
803 69
273 40
447 35
900 23
195 82
830 29
735 26
135 54
239 35
412 57
916 39
947 7
471 97
654 33
804 3
14 83
816 55
130 32
258 1
856 4
647 29
924 65
936 95
666 10
585 81
926 83
686 98
198 19
988 94
784 18
462 64
536 92
33 64
104 71
117 90
201 35
863 23
759 80
599 21
799 92
274 4
688 84
219 61
82 43
715 79
493 100
49 66
449 18
712 73
61 41
786 44
754 37
623 12
301 58
701 81
392 24
330 86
726 87
988 28
722 96
728 23
915 39
1016 48
1015 71
726 28
452 13
220 10
22 36
184 43
565 14
123 39
636 49
142 32
181 44
93 73
458 76
165 50
886 8
265 68
111 58
453 91
869 64
473 62
74 76
329 80
776 12
627 24
112 34
874 37
711 45
706 19
686 8
175 5
288 29
151 31
18 12
970 28
962 23
146 20
852 61
831 23
389 62
127 28
120 61
752 8
634 66
933 25
116 69
754 2
925 46
979 49
378 83
470 60
278 73
866 29
1011 35
555 47
708 36
736 40
994 49
1019 43
775 64
817 4
950 54
771 10
69 85
405 7
877 97
676 28
767 89
960 16
58 62
881 68
909 94
70 25
517 75
49 72
570 50
478 42
974 97
181 97
548 51
152 40
401 61
74 49
578 87
648 94
817 11
362 59
631 96
94 33
487 63
958 62
712 45
573 20
931 45
899 91
213 98
171 25
456 83
662 29
474 100
