478 47
813 59
227 65
821 6
703 51
527 76
131 9
1001 97
832 75
55 80
413 89
612 45
844 81
447 66
137 88
80 32
528 25
453 100
319 3
847 3
206 45
374 43
1017 64
809 3
606 32
690 25
805 86
250 38
155 68
547 47
186 66
876 59
516 36
488 43
274 83
337 61
862 20
568 1
562 35
397 31
939 50
100 86
580 81
186 87
110 33
158 26
469 96
260 22
668 30
640 27
830 83
490 52
497 17
794 78
568 52
1020 67
211 97
633 68
745 47
381 18
175 82
179 60
342 55
784 80
88 35
1012 66
693 83
544 11
906 70
501 87
664 37
921 87
800 71
680 55
641 99
385 12
750 19
511 39
651 3
47 92
286 54
700 89
367 24
364 48
260 44
514 24
422 34
433 88
972 49
859 90
712 94
292 72
596 70
801 61
648 16
305 99
703 20
1012 55
643 61
136 40
653 84
348 18
471 90
289 10
767 43
516 37
955 6
730 83
759 53
278 29
30 91
193 98
883 95
102 16
905 81
709 46
355 73
881 80
358 45
739 5
821 40
49 83
141 64
127 91
650 3
411 17
641 86
617 82
686 38
563 9
16 66
663 85
598 23
344 84
896 18
631 21
597 99
193 71
70 59
425 46
776 19
167 16
360 47
585 11
849 84
949 94
424 62
786 94
474 55
179 82
658 65
50 9
912 89
112 2
354 92
994 59
841 72
836 38
2 45
824 77
647 84
186 48
238 73
865 85
11 97
764 17
229 45
726 34
194 37
960 16
1023 86
542 39
52 55
170 78
716 15
294 79
740 41
1007 1
1004 18
192 73
729 13
386 17
195 5
252 60
90 43
232 53
523 46
801 46
461 7
359 42
781 16
1 18
539 48
973 25
158 84
77 39
815 9
596 13
829 15
321 45
272 19
385 26
84 91
867 58
381 41
402 50
653 66
13 52
32 28
762 82
852 92
126 98
965 2
961 84
884 84
165 73
287 8
746 7
149 86
950 7
211 25
53 91
372 19
638 32
514 4
193 100
679 97
225 71
307 3
665 16
324 24
110 95
609 96
907 10
599 96
921 57
608 16
688 3
773 87
777 49
614 27
160 52
753 46
806 45
34 64
672 52
998 91
1008 29
167 80
598 33
673 72
530 41
882 1
85 88
124 19
212 69
35 91
376 8
926 59
75 53
707 33
158 43
824 70
559 72
565 11
285 85
599 100
358 67
534 6
99 9
604 14
284 92
832 23
550 14
631 2
219 66
82 20
360 14
244 46
20 85
87 49
407 19
576 51
938 4
700 75
706 48
885 96
566 72
450 49
602 76
597 87
501 3
825 65
683 96
960 49
875 13
744 51
409 47
195 5
833 53
213 2
46 76
188 87
39 56
204 2
228 64
243 69
514 67
95 42
214 56
831 48
193 100
118 15
614 97
953 65
698 40
594 44
217 88
753 6
59 12
606 35
805 92
261 98
834 95
1007 57
620 14
121 50
474 49
65 80
655 14
993 32
313 31
153 89
640 66
210 18
805 51
1022 100
723 67
382 31
954 8
485 28
582 27
484 68
412 55
530 59
343 60
233 35
89 78
420 32
269 40
509 1
240 51
192 67
2 100
420 47
812 8
182 93
947 68
1012 75
580 76
515 39
959 88
43 63
317 57
948 19
437 81
820 35
420 28
316 91
913 16
839 21
130 63
835 88
704 49
773 37
581 28
688 98
109 73
349 75
722 98
733 83
74 25
896 92
162 95
1020 67
166 78
324 75
190 35
662 80
920 92
378 49
435 45
58 86
767 17
514 98
723 87
382 38
72 23
730 88
43 83
638 16
587 42
715 32
953 65
243 1
450 2
742 2
630 77
743 46
305 10
397 91
516 34
262 66
695 40
69 62
985 78
177 21
599 28
689 91
566 83
537 24
878 21
17 55
158 25
355 97
333 67
178 72
700 80
236 35
975 96
528 34
891 82
758 88
188 86
778 88
934 69
954 76
356 58
950 28
516 46
682 99
552 13
379 60
540 61
66 53
298 92
175 94
711 63
553 13
427 19
98 19
822 89
517 84
658 65
525 43
95 88
128 21
977 7
558 65
850 52
367 56
322 31
437 72
298 56
395 76
630 69
353 14
596 37
214 50
9 72
1006 29
433 34
224 77
335 37
258 32
763 24
242 78
642 79
970 83
663 92
178 20
67 18
700 8
542 99
657 88
785 64
54 36
861 43
708 37
701 57
762 81
530 45
57 37
98 17
484 46
491 75
630 97
608 78
897 47
716 3
378 2
587 30
2 55
781 55
265 91
514 43
271 37
495 83
681 49
425 28
623 77
653 31
554 15
330 89
581 54
332 76
528 82
67 11
453 73
231 36
730 76
221 21
580 2
248 91
335 90
649 83
696 31
754 86
93 49
328 23
682 96
422 35
450 9
816 86
845 4
745 98
45 11
38 69
151 24
199 52
415 44
474 68
757 52
413 99
784 47
267 44
843 60
343 55
308 100
672 99
837 97
790 18
31 94
698 83
600 80
46 20
512 39
99 53
645 96
805 59
440 66
5 23
126 54
96 48
604 15
802 48
670 69
321 80
852 90
316 70
957 17
486 95
353 34
502 80
591 73
44 7
745 73
167 68
288 58
559 22
699 34
667 65
637 30
806 58
758 10
886 14
48 40
593 63
162 59
89 73
356 34
306 76
907 25
518 11
398 18
637 39
766 33
826 51
897 72
287 48
127 60
276 81
720 64
118 57
846 55
596 35
920 76
603 73
560 77
502 14
533 24
529 32
576 67
762 92
138 12
408 66
736 45
137 55
612 80
218 43
696 74
949 98
258 23
57 23
513 62
666 66
372 23
903 18
476 97
231 64
372 68
315 68
1023 18
898 9
803 22
1 46
5 26
228 33
936 25
876 9
575 40
830 67
935 1
290 14
398 91
333 50
225 40
479 1
777 55
816 55
908 52
573 36
466 97
61 62
36 96
986 74
390 26
774 91
29 17
1008 54
881 14
373 74
359 32
297 48
146 77
152 50
189 98
723 40
336 73
161 40
973 74
432 55
593 83
471 11
313 3
572 37
556 7
166 51
759 54
248 4
16 99
229 43
508 41
568 84
357 76
360 51
189 82
1014 47
476 12
150 33
802 3
757 22
866 93
662 16
806 47
743 81
503 88
16 7
785 45
468 58
65 7
930 15
943 61
259 35
541 64
66 97
556 15
509 63
840 7
565 55
1002 41
511 83
386 6
974 8
825 63
318 2
764 28
681 65
232 89
857 32
38 24
1022 32
455 81
126 78
44 18
994 24
119 78
62 76
546 11
367 28
845 43
924 27
945 3
803 41
387 8
677 19
908 48
112 51
337 22
980 90
106 38
623 85
396 41
945 19
728 80
973 32
195 41
723 12
282 52
776 31
735 86
315 84
866 15
633 84
841 72
612 34
353 82
72 28
989 89
540 81
770 74
527 15
750 47
134 7
551 37
991 11
534 43
615 24
657 42
581 8
447 87
113 28
511 60
66 43
202 79
781 52
717 11
885 11
473 35
934 26
534 28
89 52
181 35
606 45
288 32
747 30
406 32
1024 37
633 89
333 73
174 53
632 20
400 59
211 97
695 73
774 19
188 5
899 44
937 94
745 46
896 6
436 94
80 58
807 3
549 18
143 61
855 57
504 26
14 97
855 9
917 83
194 24
186 45
668 15
755 44
164 10
390 19
521 61
102 75
484 14
168 52
656 33
564 17
972 35
1000 28
634 52
630 25
594 22
338 11
984 57
322 49
653 25
676 27
39 12
667 3
739 94
847 74
436 73
258 88
768 62
450 38
235 23
316 58
331 91
499 95
153 77
315 27
461 38
716 93
984 93
932 95
627 83
485 83
721 9
623 83
242 81
833 86
528 62
756 82
651 48
96 72
201 23
128 76
312 44
40 51
295 91
55 93
693 4
360 50
641 58
21 79
3 25
99 30
979 87
812 39
628 61
75 66
152 16
274 53
490 100
701 98
555 68
408 6
436 58
878 98
43 17
1012 50
303 11
5 85
644 85
474 11
933 30
826 24
725 37
666 72
41 65
421 56
429 98
916 78
1009 74
121 42
792 36
180 48
970 69
976 93
397 5
979 43
860 38
205 19
592 57
97 24
762 29
418 71
302 29
139 66
375 9
787 73
165 31
134 5
338 88
4 6
408 58
793 28
868 77
740 17
545 58
482 25
777 42
587 86
257 76
662 34
385 95
332 70
81 20
892 7
404 36
125 48
380 69
292 30
792 70
472 59
524 5
660 73
474 1
616 47
987 89
97 46
404 50
449 13
365 85
282 52
215 72
947 83
571 18
643 24
422 41
629 60
147 86
25 99
73 52
645 24
367 70
476 23
787 97
535 35
468 60
377 13
116 6
25 11
562 88
732 26
302 66
1006 61
915 26
354 55
589 53
820 97
658 79
700 24
1016 75
929 48
867 15
931 61
968 74
104 79
126 12
654 13
800 2
657 26
812 46
342 86
431 71
645 36
947 16
585 8
792 20
983 13
135 16
486 36
682 91
446 67
354 90
931 87
297 25
489 88
367 32
725 22
714 35
322 64
339 30
10 27
411 1
32 32
557 36
993 88
93 36
573 51
1006 9
221 52
132 69
549 58
171 1
535 32
762 89
357 54
103 69
764 5
606 76
112 32
604 21
952 54
905 86
895 100
138 83
846 37
376 3
365 49
248 44
580 57
907 73
850 43
478 31
673 43
915 51
569 5
979 78
309 38
525 79
859 59
552 64
767 34
202 43
681 78
215 31
113 14
680 57
163 28
567 33
681 18
717 78
199 53
489 32
353 76
60 91
546 89
370 15
271 52
214 93
980 24
21 72
589 33
654 91
46 1
871 78
583 60
562 21
682 35
697 34
269 69
457 94
764 79
74 44
391 35
986 23
594 58
847 76
286 50
10 15
744 54
494 12
263 99
337 85
958 97
533 9
708 94
564 9
982 14
34 16
708 60
542 2
798 66
585 23
648 28
127 35
371 5
221 6
924 80
424 13
869 90
780 85
439 10
159 91
603 7
759 10
665 85
468 32
169 74
721 63
261 25
967 71
284 8
735 17
715 29
622 29
447 45
1019 64
75 79
347 85
431 37
377 20
324 97
642 16
774 26
628 20
397 15
556 97
196 99
46 4
830 73
572 40
753 17
986 53
795 57
52 71
482 98
658 14
949 46
615 86
791 94
350 43
952 93
247 75
154 57
749 77
62 72
601 74
287 31
227 1
555 16
579 45
414 69
870 89
986 2
537 64
232 84
68 72
223 9
139 21
118 13
608 28
42 45
6 78
309 59
517 72
180 38
469 15
49 23
444 28
351 58
114 82
365 32
680 13
723 78
607 72
652 1
890 89
241 96
539 46
888 83
822 15
31 15
624 75
594 93
366 45
604 17
378 68
106 30
390 56
263 15
861 57
353 60
291 35
624 56
286 55
79 66
366 68
793 28
1003 63
578 53
374 74
917 98
682 96
399 42
973 56
760 40
155 30
38 64
466 49
353 15
999 46
419 74
455 31
281 61
467 34
287 34
946 74
563 25
11 76
745 97
622 73
776 57
419 9
118 61
283 71
833 33
916 60
926 18
930 69
357 75
837 89
485 6
262 15
584 53
417 39
485 2
380 82
791 88
136 39
909 48
654 62
96 26
593 11
232 35
678 7
460 75
814 13
563 50
478 33
148 82
72 89
161 33
831 85
344 35
344 59
953 88
221 66
816 70
639 37
541 36
322 12
754 47
476 6
538 30
683 58
150 39
974 79
301 76
732 47
506 11
394 69
995 39
846 90
760 34
972 72
197 39
16 63
193 100
61 78
620 48
947 58
429 98
7 10
87 74
121 49
867 80
352 48
739 40
159 26
652 21
142 51
616 70
688 1
831 17
213 45
951 7
65 41
562 61
843 61
419 54
54 53
652 41
296 32
702 54
115 90
946 27
653 32
807 25
743 11
952 49
939 82
308 28
78 58
296 98
236 67
502 28
30 10
183 46
141 53
484 47
91 23
635 67
583 10
502 99
411 68
233 100
9 73
608 52
365 5
972 27
495 21
543 79
406 94
274 38
152 79
983 47
119 83
778 95
168 91
743 64
865 10
323 30
544 20
156 97
980 82
194 80
751 84
171 73
107 16
481 47
40 79
532 74
302 86
805 84
730 32
624 43
955 2
12 79
843 55
321 89
592 96
536 52
569 58
670 4
571 82
265 44
631 6
157 56
860 90
415 39
866 39
49 91
1003 30
570 71
168 47
798 98
870 29
146 19
436 28
444 6
1017 66
343 24
220 42
416 54
856 64
826 50
869 71
502 77
766 61
682 99
871 12
24 7
399 12
608 83
727 20
15 41
208 72
280 74
748 44
467 33
432 49
206 70
796 64
992 4
788 51
804 67
472 15
64 46
819 15
967 49
177 24
667 32
919 63
404 57
659 53
7 41
628 80
742 87
433 90
271 38
315 54
1003 2
574 56
488 12
718 54
611 58
847 42
318 35
106 18
627 99
209 40
949 2
191 69
222 97
955 88
248 69
692 76
553 39
865 67
739 38
812 15
906 58
522 3
900 80
954 15
32 82
751 48
1010 61
347 4
29 78
200 6
605 64
873 17
546 94
872 81
471 5
111 4
257 60
381 77
452 3
965 32
620 54
646 54
142 75
875 91
951 98
837 77
945 26
658 53
899 89
472 62
393 10
413 31
246 62
367 68
1005 60
518 37
422 40
246 4
750 62
122 43
106 75
364 13
912 80
393 49
979 36
690 31
343 72
822 59
264 90
100 42
296 23
218 97
982 15
977 6
557 18
573 6
2 49
165 64
278 43
924 87
165 4
182 74
693 69
479 6
325 35
487 22
308 62
57 35
207 13
167 99
865 73
151 81
664 51
620 62
997 64
221 10
408 43
259 10
852 29
307 78
489 40
906 85
366 38
446 26
751 17
201 96
275 80
410 73
721 94
308 20
55 15
992 59
908 99
472 86
747 11
308 6
928 28
575 70
676 77
233 24
505 28
261 78
294 28
977 96
700 32
588 9
850 22
810 82
645 14
176 36
856 98
926 70
1021 33
420 54
787 100
906 92
309 74
573 36
999 61
406 63
325 27
799 77
625 62
338 11
1002 10
12 64
158 13
406 88
570 55
797 36
357 34
685 2
366 78
308 13
383 54
552 100
538 99
91 25
384 48
755 47
44 58
452 57
321 67
268 18
753 29
672 47
292 28
619 9
171 15
122 10
358 30
73 34
644 47
654 49
312 38
463 19
195 48
39 73
457 4
1018 79
78 7
591 65
961 3
161 89
720 45
418 36
529 71
412 19
966 2
158 46
4 54
949 41
108 46
922 95
608 19
249 23
937 42
852 41
574 35
215 34
179 64
388 42
1020 15
120 43
316 47
356 89
178 45
974 94
19 40
317 8
400 62
767 10
565 28
606 25
201 53
1011 16
411 42
356 14
756 2
704 82
380 54
831 89
359 29
221 82
176 71
732 98
10 74
273 90
554 35
413 3
859 9
797 75
692 22
480 1
976 61
163 37
652 76
543 64
445 65
85 81
476 67
584 47
776 96
191 80
907 50
99 8
91 2
692 16
172 82
284 19
918 24
141 55
626 15
226 98
844 45
878 40
721 83
603 62
692 33
514 31
661 53
885 21
610 66
1006 88
874 33
796 8
460 78
145 56
101 65
710 49
683 32
299 19
603 55
476 52
55 35
902 42
646 38
858 32
977 3
623 19
705 44
637 74
346 44
89 33
986 16
201 61
925 62
848 55
572 24
453 93
816 24
972 90
165 14
252 83
199 42
410 37
243 91
372 34
670 24
959 84
217 40
729 13
273 25
935 54
692 25
605 91
590 81
635 38
255 78
949 95
597 13
634 16
497 89
574 39
321 99
424 90
720 74
299 39
411 95
414 39
483 57
997 33
999 35
35 61
746 91
823 27
289 40
472 71
275 58
1011 52
475 7
589 80
650 17
273 92
282 39
1010 59
320 62
801 81
921 53
214 11
975 92
731 93
556 99
833 34
408 71
72 35
336 19
983 21
944 2
788 49
564 46
159 83
803 74
387 56
393 32
757 5
931 42
8 53
162 6
436 76
390 37
150 95
858 89
460 69
278 4
654 98
136 15
283 53
841 45
78 55
789 86
812 35
559 69
144 41
67 28
405 23
942 17
908 38
324 32
985 95
268 94
263 62
236 69
682 24
506 62
227 11
689 70
566 37
701 14
641 99
593 81
164 48
146 68
796 9
615 86
152 56
636 65
218 94
504 35
794 89
849 69
323 14
860 93
551 97
238 34
44 85
237 81
601 6
340 92
33 18
743 28
716 85
712 85
84 42
401 83
750 65
4 32
735 76
765 37
517 21
229 32
192 76
865 77
708 89
236 22
504 2
583 47
558 95
696 69
481 48
553 2
887 52
466 63
536 98
825 65
148 47
379 32
205 50
637 53
221 44
583 14
628 10
769 97
83 85
695 91
681 74
398 10
818 14
859 56
461 79
731 30
668 77
706 18
1011 95
802 17
106 41
983 63
780 14
167 81
833 91
26 1
545 38
125 76
648 33
784 14
159 24
624 71
561 83
522 55
914 94
642 15
27 90
490 62
214 66
154 88
162 56
686 31
484 70
278 45
421 3
352 62
492 6
401 56
891 18
628 18
323 50
38 76
672 35
620 96
24 8
811 4
357 68
519 29
476 20
133 11
198 8
1 45
590 34
703 54
922 49
212 16
709 79
922 24
758 12
504 61
50 76
658 57
263 67
440 79
791 20
177 58
1014 10
923 50
963 42
372 74
469 8
12 92
749 73
366 78
305 91
1006 47
232 7
306 60
184 38
324 10
625 34
749 91
312 25
90 79
640 9
92 80
109 8
543 90
733 86
286 12
204 17
319 27
360 26
331 20
144 95
991 85
627 31
888 15
657 84
237 47
724 61
387 96
881 52
742 85
388 20
924 88
531 18
894 88
363 61
791 66
591 68
179 27
558 83
1012 25
203 94
279 88
898 64
183 69
690 72
986 46
671 32
324 26
496 89
568 30
306 41
267 7
220 47
987 77
287 38
503 46
775 32
927 14
350 2
172 20
941 69
174 1
739 51
560 68
107 77
330 63
396 21
122 6
788 94
950 69
95 43
37 34
611 19
224 43
528 64
42 67
249 42
392 81
278 86
255 95
884 22
781 89
305 47
656 39
621 93
657 20
394 34
243 43
944 99
746 23
124 91
453 22
769 63
151 12
757 33
399 64
231 13
686 31
797 57
879 14
671 82
384 27
66 19
212 96
77 30
338 17
360 94
296 14
277 42
477 88
158 84
323 71
622 67
681 53
545 36
338 3
330 56
218 98
436 4
106 74
998 57
777 63
383 26
687 83
258 99
711 27
893 89
920 18
728 100
526 85
858 80
341 34
76 61
167 21
133 42
78 2
986 27
925 51
686 90
815 22
214 73
500 26
974 37
837 51
814 92
449 100
14 11
164 16
867 77
146 54
104 75
89 92
181 71
365 53
923 96
91 86
202 50
379 32
509 78
150 43
920 75
765 52
753 32
82 86
327 38
679 29
92 33
849 11
783 4
894 86
44 19
255 44
620 27
1021 3
796 28
99 55
850 14
611 18
81 34
682 70
33 64
36 88
847 57
670 62
945 77
635 51
1017 21
604 29
6 76
355 16
769 63
1010 36
179 87
698 43
625 15
987 89
799 17
78 8
800 37
892 16
334 69
122 92
816 25
678 93
515 62
48 66
192 43
776 16
343 84
53 99
184 52
221 14
542 69
845 9
423 72
53 71
757 26
196 93
207 42
636 75
388 53
835 95
910 65
136 89
544 64
714 68
1001 56
434 55
734 5
465 42
81 81
603 30
244 41
304 38
169 13
146 100
758 47
183 41
123 38
410 7
910 15
733 48
635 45
435 95
660 71
197 97
146 26
195 80
1013 28
474 7
352 70
542 19
76 5
877 7
95 30
27 4
94 77
15 37
719 66
144 33
997 94
173 46
600 45
1009 17
671 19
992 67
210 89
633 45
614 97
63 31
59 19
264 68
594 59
398 31
249 11
348 86
296 40
742 85
774 95
507 2
843 90
161 48
25 77
942 70
468 89
462 70
426 49
928 47
802 83
57 74
20 42
941 87
770 63
932 85
776 5
227 92
719 29
705 31
823 82
780 73
398 63
645 66
374 2
136 11
715 55
762 57
256 57
457 95
826 53
825 73
781 66
320 3
386 8
259 29
443 37
905 56
176 100
388 46
461 95
119 85
266 97
209 96
696 83
257 45
503 58
788 33
959 83
37 70
831 38
284 28
220 8
420 94
591 73
410 73
780 32
211 94
36 39
722 66
937 15
843 98
728 9
578 48
266 74
1001 30
511 59
909 70
22 46
682 70
591 23
667 54
708 39
24 13
704 99
313 7
223 28
280 52
1013 56
847 19
916 25
532 94
559 11
915 16
665 11
422 11
280 13
58 71
217 3
1009 38
462 30
549 15
81 86
909 14
1013 5
765 70
302 94
814 14
428 59
795 1
65 42
381 90
813 66
490 77
239 33
809 96
944 93
573 64
891 11
460 65
406 55
373 3
130 88
974 25
529 73
721 49
962 34
778 88
658 18
195 95
961 55
782 80
847 54
338 57
204 100
401 95
388 29
254 30
199 52
548 89
54 59
270 33
225 15
674 72
537 11
527 12
461 36
425 10
720 89
658 26
58 37
996 58
756 39
610 98
421 42
794 49
261 44
913 94
76 26
774 49
922 2
372 40
991 2
850 34
17 95
861 62
271 9
733 56
421 4
369 31
711 30
248 73
737 5
701 85
743 32
92 8
620 24
771 72
410 79
637 22
493 25
571 22
817 33
632 49
872 23
563 10
110 32
1022 95
553 92
600 57
3 3
400 62
405 59
574 13
3 14
635 9
760 15
602 20
408 95
762 6
476 5
1 70
76 44
1007 5
928 13
848 25
210 11
411 39
672 68
917 60
857 44
464 57
141 9
865 71
106 49
934 14
411 90
717 8
964 26
197 94
999 60
710 21
360 66
840 75
664 70
378 69
947 86
175 40
720 14
814 65
1007 38
373 63
7 40
1002 46
447 97
836 97
409 35
895 68
418 40
304 21
442 65
82 26
572 22
446 43
256 51
997 64
175 34
119 22
847 74
680 22
988 32
869 80
272 91
453 81
102 31
698 7
75 6
717 100
936 43
124 65
828 76
475 11
320 33
635 65
816 4
53 31
532 17
418 91
199 79
917 5
524 97
67 42
128 26
195 63
663 87
839 38
203 10
102 21
132 7
910 14
739 73
694 18
609 69
780 73
851 22
928 96
226 45
147 88
884 46
238 48
318 4
801 80
801 26
494 72
58 5
117 51
1018 74
774 84
298 32
232 77
58 92
300 64
780 10
453 3
273 27
202 17
1021 68
747 89
421 25
348 97
19 9
83 79
54 68
646 28
226 10
837 64
108 8
952 89
172 38
133 10
868 89
948 100
1001 5
808 10
850 28
785 42
961 86
653 25
145 97
420 86
18 96
70 36
171 67
608 28
661 16
837 42
337 29
175 1
20 7
321 9
980 100
894 51
955 88
2 10
62 11
853 25
728 72
706 3
910 17
770 15
888 73
441 82
836 5
892 93
430 16
266 29
531 35
509 9
318 46
843 13
358 83
227 22
389 17
553 63
944 71
904 51
756 23
806 67
861 25
655 52
478 4
175 5
445 82
649 10
622 96
152 67
531 9
514 5
68 53
895 35
184 36
532 88
426 18
418 2
489 40
132 41
307 41
431 25
102 47
402 56
50 34
127 89
231 50
494 57
678 89
989 21
292 86
772 3
133 49
419 7
768 15
153 41
206 19
912 57
311 68
770 2
59 27
108 90
971 62
591 69
396 70
520 78
945 31
740 16
280 98
991 3
278 25
534 63
311 99
300 53
95 93
256 93
454 46
506 9
1018 4
614 64
564 81
102 4
309 5
245 35
336 7
228 96
949 12
822 77
391 89
863 33
893 35
351 39
743 86
135 7
87 80
342 67
667 35
664 37
845 7
61 34
267 83
848 14
570 68
959 95
7 73
924 24
204 46
130 16
16 69
891 82
984 25
517 69
120 41
363 34
397 28
899 20
276 56
853 56
405 79
715 15
740 1
343 82
814 45
92 13
974 94
37 48
661 80
253 17
280 86
279 64
262 84
170 95
454 37
1000 40
427 28
632 54
84 88
76 40
643 3
944 73
693 54
71 89
735 82
342 19
428 76
647 56
1023 40
146 87
518 4
333 48
141 81
185 13
919 58
308 93
293 3
614 35
401 83
758 87
424 37
706 86
954 29
165 97
273 18
1013 48
204 11
87 71
502 25
293 64
517 53
885 52
721 72
424 94
869 49
470 23
543 41
707 49
553 78
514 12
599 23
294 58
246 8
917 69
258 79
925 17
250 43
801 60
129 46
537 69
591 84
1024 1
741 27
536 58
732 84
689 25
870 6
552 48
926 82
805 48
761 34
402 14
327 81
663 57
599 4
168 69
97 44
1022 57
370 21
870 26
420 71
632 80
743 13
551 4
289 26
636 10
598 79
251 37
831 3
944 27
361 39
629 74
208 62
64 79
1007 12
933 12
435 75
866 27
994 37
98 48
124 75
984 97
35 95
163 19
792 77
134 29
498 78
614 100
230 36
33 93
585 10
241 29
727 88
396 31
235 60
7 33
456 89
1007 21
657 14
502 8
254 3
911 63
721 89
708 52
94 41
208 14
621 32
501 42
549 75
642 48
109 84
587 2
228 99
362 59
681 53
669 27
362 86
118 55
597 71
388 83
240 90
726 81
337 32
524 40
922 11
647 96
468 41
40 81
244 41
702 42
149 12
772 32
623 90
827 3
623 22
300 41
462 4
82 47
881 57
277 43
318 32
948 74
424 59
696 1
925 37
1003 14
336 95
271 31
297 25
672 71
54 27
163 20
437 80
666 64
401 11
89 77
213 28
563 33
839 76
479 28
979 22
442 4
992 49
323 65
166 29
315 58
677 77
976 36
223 26
499 73
947 73
562 45
284 66
161 63
240 84
767 78
723 88
31 77
632 29
204 70
81 1
846 20
926 11
177 76
784 53
294 41
177 61
19 26
768 3
504 89
514 4
299 44
778 78
11 51
790 67
584 42
9 54
387 23
668 33
864 100
515 51
309 68
836 32
164 53
26 86
60 52
447 75
551 85
807 26
378 5
164 54
52 78
106 97
921 38
645 55
505 8
262 47
745 29
928 73
186 85
788 94
962 50
845 36
280 73
1009 20
796 13
355 45
266 16
852 69
748 91
207 59
829 64
959 88
517 58
937 68
651 97
28 27
694 88
247 52
160 31
477 7
426 50
847 61
794 29
63 6
447 59
838 78
817 68
445 58
116 14
190 4
140 71
131 39
951 7
591 42
628 15
910 87
978 67
921 80
815 36
919 14
866 78
917 87
706 14
461 45
486 6
202 54
69 23
129 28
594 29
813 30
318 6
34 38
845 72
569 37
764 75
389 21
5 60
51 71
18 3
1019 98
806 89
618 68
775 63
738 23
835 4
778 26
167 79
436 24
707 2
568 90
182 3
683 7
550 38
603 67
636 83
1022 9
709 35
687 32
536 7
90 85
236 92
457 32
677 59
810 69
514 68
761 72
844 36
727 67
274 52
19 100
1012 3
36 88
889 9
564 70
38 48
14 64
148 96
703 41
55 11
380 27
1004 66
299 71
601 34
620 95
230 28
354 83
516 41
510 46
295 91
1016 78
654 12
192 32
308 57
618 80
528 28
259 33
758 54
898 28
409 76
187 2
633 1
437 84
712 20
311 96
941 92
128 15
20 4
259 31
183 50
21 89
815 2
896 23
171 46
887 84
385 72
561 70
392 91
704 1
614 21
888 91
450 38
188 31
754 59
302 68
25 64
649 75
990 2
6 80
389 49
26 89
391 62
17 69
833 49
499 13
536 45
104 70
28 37
510 53
43 99
92 63
44 63
467 19
811 18
895 87
896 85
915 76
651 91
565 55
818 4
116 44
286 78
719 50
896 3
288 20
643 57
324 51
50 34
828 64
965 50
215 62
855 45
158 43
685 46
598 96
856 56
516 42
157 37
152 8
412 64
199 20
256 3
974 12
508 74
271 32
58 50
178 20
358 9
716 49
774 12
136 41
359 88
587 72
202 8
786 34
108 40
30 76
94 63
566 93
387 34
169 29
540 58
719 94
945 35
599 1
226 84
40 20
874 53
85 81
784 66
656 11
737 16
291 91
419 68
333 34
365 43
458 52
273 40
242 94
629 33
587 23
288 49
823 14
620 63
551 22
253 16
882 49
121 56
306 45
275 11
992 25
831 36
706 35
258 91
690 7
788 88
812 73
936 97
915 13
507 28
364 74
288 87
95 36
409 90
566 70
918 94
651 49
271 98
477 74
181 60
987 89
182 6
9 11
179 81
665 59
999 48
660 20
531 100
386 92
570 28
785 41
571 4
512 59
30 35
111 76
319 95
564 79
622 22
130 61
921 34
473 91
562 27
975 77
375 10
541 18
317 91
638 16
268 72
31 84
787 38
967 37
266 4
600 74
574 95
225 84
426 75
1021 97
543 96
621 65
420 75
888 10
40 61
792 19
973 79
946 37
326 72
929 64
412 55
338 28
99 97
498 45
842 60
50 40
771 38
971 93
126 86
570 49
700 65
698 52
844 77
464 17
26 13
719 13
29 92
82 99
345 38
574 40
773 3
707 77
301 21
552 21
620 82
509 85
320 38
540 94
95 31
344 34
976 50
472 98
335 79
112 85
301 58
930 78
259 8
397 22
726 93
1015 53
675 74
81 50
37 64
53 35
891 50
808 100
733 47
44 6
701 33
198 60
286 15
856 77
987 90
585 47
177 68
198 90
866 39
718 62
763 33
444 18
587 93
971 74
957 3
210 99
357 15
303 82
672 95
918 4
409 88
990 99
933 39
983 34
396 89
979 6
335 96
755 65
129 28
244 7
877 81
256 45
115 25
980 3
314 100
509 91
361 90
451 20
820 28
372 18
69 53
821 66
969 54
138 50
16 88
463 70
567 100
83 92
984 4
512 41
615 66
937 58
549 86
754 75
232 2
305 48
963 60
323 94
377 31
81 99
153 20
461 28
2 32
456 1
1008 43
103 52
1010 16
161 73
316 22
345 11
48 33
414 88
697 27
523 53
250 75
908 6
683 83
584 37
879 69
887 95
525 88
317 12
480 95
637 95
440 79
831 94
105 4
201 62
202 10
841 7
882 75
474 40
954 44
619 100
25 17
776 13
74 81
519 29
802 100
838 56
763 53
829 93
240 24
412 57
190 1
201 21
476 78
861 19
862 51
844 17
624 1
550 14
303 71
63 40
111 84
347 9
574 36
123 51
818 88
650 2
122 58
693 55
105 42
207 1
515 93
275 68
547 11
20 76
595 33
690 58
692 72
945 85
257 60
952 1
89 75
282 39
427 54
87 95
916 14
207 13
1019 77
551 32
551 82
69 68
688 71
825 31
176 94
7 95
34 19
612 54
107 20
660 36
350 77
978 3
855 51
24 73
838 52
31 78
624 87
659 40
791 9
896 37
617 80
421 61
27 78
895 18
999 28
799 99
259 86
893 72
570 49
235 91
34 71
447 97
302 96
656 41
588 23
989 30
728 76
882 25
115 28
830 48
697 33
314 74
321 40
506 43
550 94
581 86
672 74
265 70
803 7
408 30
492 4
189 73
231 28
67 88
16 30
724 79
967 10
185 84
899 18
394 56
937 8
370 95
184 21
109 53
754 24
790 57
514 80
999 18
436 74
759 22
44 87
168 91
326 10
54 58
597 64
535 3
642 48
657 13
197 56
730 21
562 24
313 85
818 95
842 54
608 33
248 50
307 61
509 60
834 12
927 97
632 85
523 70
616 47
322 56
264 45
171 52
405 89
585 16
720 34
488 26
344 96
55 55
274 3
640 34
660 39
595 30
939 35
96 74
726 17
399 77
905 13
1020 62
241 31
728 32
646 46
399 66
628 55
1000 37
296 49
744 3
106 83
519 54
31 8
327 8
862 38
530 3
554 31
778 41
684 92
550 34
146 3
32 19
831 11
478 48
990 65
605 71
511 18
486 47
37 45
418 78
885 17
499 88
602 31
353 39
488 97
698 75
148 88
530 46
11 33
484 19
18 81
784 36
683 95
189 58
964 84
254 99
948 52
998 20
524 65
377 11
356 55
258 46
502 71
646 41
983 21
455 47
542 26
986 74
357 74
502 40
450 72
711 17
447 13
223 30
891 24
443 47
1009 69
38 10
845 63
413 75
806 7
120 22
406 28
455 81
336 23
453 49
65 16
138 44
224 8
670 99
24 97
602 44
391 72
934 33
446 73
972 100
4 9
605 30
871 95
285 2
993 39
287 58
400 27
817 15
54 67
681 14
283 65
125 7
926 100
872 72
186 55
652 5
514 46
932 39
699 76
762 47
938 21
302 2
785 62
967 27
447 95
630 82
319 16
234 46
741 6
327 97
107 54
345 65
456 11
621 69
505 72
388 32
578 69
960 69
577 67
129 76
83 50
7 47
421 92
401 27
766 3
835 15
395 98
914 97
526 17
830 65
539 86
813 29
76 48
792 63
322 91
1017 63
429 85
525 33
33 4
1008 36
8 39
161 90
774 49
692 13
315 52
826 67
968 90
735 36
624 90
121 41
941 43
467 9
797 7
594 87
33 22
564 71
35 16
1010 40
480 42
876 88
152 3
111 35
403 61
336 33
513 98
1015 48
666 88
1024 35
232 15
113 21
313 99
355 4
514 47
623 89
383 96
16 40
951 40
745 72
375 2
670 93
792 31
180 79
920 22
698 70
273 42
42 31
387 94
141 81
899 90
655 20
159 14
726 19
788 41
435 64
793 38
999 100
586 86
842 21
741 98
655 15
764 89
105 64
424 84
954 35
158 65
133 35
124 68
695 4
595 21
419 3
314 57
596 75
842 43
265 40
186 92
110 51
556 33
972 62
642 51
448 25
73 77
868 72
47 22
854 61
316 25
599 10
553 33
868 65
903 76
72 93
397 60
324 31
743 39
164 48
255 83
976 33
139 53
237 41
247 81
326 73
1024 89
1 70
497 44
717 63
644 8
267 45
175 77
647 80
121 60
967 8
148 47
703 48
397 52
843 12
876 15
4 21
838 7
741 91
254 3
381 28
877 70
11 7
764 51
92 96
301 79
247 22
787 100
272 42
628 15
968 26
714 4
512 67
944 16
748 41
9 37
463 18
422 24
640 67
251 73
579 82
60 72
790 28
952 92
548 52
310 17
330 24
430 96
138 19
586 49
20 24
934 75
147 39
60 65
463 7
255 42
78 13
783 45
798 3
97 36
646 51
760 9
472 58
974 43
379 73
468 93
423 10
369 25
277 17
81 84
597 33
539 8
913 44
901 59
594 45
950 17
605 5
957 44
670 13
162 74
329 36
605 40
878 77
904 89
474 57
944 72
920 21
625 8
866 88
142 34
487 3
120 90
384 94
384 88
426 71
842 39
898 3
413 21
936 73
97 73
480 79
721 42
194 39
812 52
218 81
971 36
977 43
215 70
793 37
257 67
755 45
58 55
571 41
992 77
132 39
686 60
143 88
127 77
424 40
777 83
421 59
825 74
884 58
245 9
3 71
382 75
281 98
801 93
836 19
250 13
734 58
234 25
66 2
755 55
905 57
506 6
556 13
519 27
942 53
504 69
325 32
89 83
605 62
596 98
625 9
147 76
591 29
66 68
329 33
978 16
108 46
521 26
676 61
923 94
935 58
264 87
338 96
896 35
42 49
404 90
24 54
653 53
899 36
264 87
406 81
345 95
230 16
886 71
419 26
436 56
762 28
905 38
619 24
84 70
23 18
683 96
968 27
167 40
345 83
594 67
702 95
249 2
804 27
839 22
740 85
337 92
273 50
387 75
5 47
698 35
589 57
471 41
643 35
511 51
237 22
713 26
567 21
975 65
13 13
293 1
916 15
900 49
119 49
805 80
43 29
256 43
99 11
268 22
541 43
393 42
707 90
79 34
947 3
85 59
286 5
25 90
748 43
207 46
329 82
813 87
250 21
87 96
501 75
476 86
75 49
131 97
163 93
361 12
532 85
136 43
974 90
1010 71
911 99
54 12
869 14
371 48
823 12
247 51
64 6
90 15
894 14
328 99
394 33
489 94
270 56
989 43
825 8
534 86
202 60
338 75
728 83
529 15
327 1
562 19
684 94
309 69
22 47
858 63
970 13
179 1
783 81
669 54
572 30
989 30
598 8
907 10
1012 12
945 85
975 9
65 49
81 83
378 58
246 68
363 2
238 14
450 8
52 38
437 93
713 16
252 15
72 67
811 16
492 74
283 51
367 18
319 99
992 92
8 49
857 97
477 100
245 37
373 99
923 20
472 54
931 59
737 73
303 7
863 81
759 86
391 33
148 96
80 10
21 12
621 59
253 3
196 48
297 15
61 46
410 48
342 52
327 38
22 42
674 39
248 41
755 78
906 41
568 12
955 45
501 45
595 39
94 14
269 39
698 52
527 68
763 100
48 41
9 87
745 17
981 55
280 55
524 98
930 47
836 74
671 40
525 62
954 96
453 40
840 84
163 4
163 99
519 18
449 30
954 24
411 71
117 36
949 13
154 7
738 71
920 78
837 54
194 13
450 78
775 30
641 57
962 79
753 78
173 37
502 93
1011 17
617 59
644 85
618 93
294 47
496 70
453 19
195 70
790 93
101 63
195 36
99 90
542 33
765 33
127 47
269 70
645 73
422 74
997 19
288 19
724 44
81 59
927 48
332 72
384 3
199 54
259 51
118 16
203 60
734 88
985 23
644 3
252 87
624 23
723 92
186 74
507 37
888 46
160 22
626 51
400 71
898 54
330 58
575 78
357 70
197 19
938 99
202 99
892 42
783 98
317 56
450 13
71 98
224 44
565 52
714 31
804 97
376 67
348 6
519 28
467 31
860 52
827 2
189 1
131 53
780 53
744 52
891 97
556 55
676 36
761 76
372 89
284 66
151 2
25 65
310 55
957 77
875 76
516 41
857 60
740 30
717 25
350 26
465 55
181 93
584 8
11 42
739 99
684 51
898 99
176 88
76 39
377 70
454 38
693 56
1005 43
299 88
793 43
815 42
245 35
742 100
40 27
864 71
405 23
586 17
793 68
434 74
950 20
687 91
861 60
135 92
682 84
485 92
234 77
702 1
994 75
672 66
292 46
200 94
719 5
181 26
959 72
69 26
204 7
1013 92
423 23
121 30
584 47
371 80
487 19
944 29
112 4
758 93
186 77
14 10
681 93
335 31
1005 67
470 30
738 98
822 70
612 87
862 41
288 67
183 6
896 37
375 19
358 16
901 36
510 94
464 50
902 55
811 49
689 98
922 7
923 61
284 1
131 31
571 36
494 58
700 32
653 98
246 71
194 80
9 20
802 97
528 97
502 67
311 9
133 32
151 89
253 44
412 75
366 94
740 51
542 9
7 79
835 33
858 33
600 50
94 40
734 10
809 12
133 94
206 34
34 57
945 85
74 44
44 87
622 56
241 22
936 15
223 32
137 96
699 19
217 15
456 20
472 66
514 89
902 17
284 39
532 26
676 49
276 48
920 25
708 26
339 41
993 41
284 65
16 11
867 23
410 28
880 41
672 28
402 10
708 67
68 45
516 88
412 33
117 59
21 90
13 89
65 53
618 63
196 24
818 41
622 76
132 24
568 59
917 95
255 15
39 81
595 18
616 42
178 80
536 98
247 4
467 11
894 45
6 76
1020 55
845 86
599 12
453 46
105 98
506 3
494 31
941 72
214 73
91 45
156 7
825 58
818 15
34 42
184 11
553 65
894 4
836 32
880 100
409 89
556 27
843 81
997 70
675 39
152 72
698 57
470 23
597 28
914 31
245 44
381 70
854 96
586 95
950 18
936 25
517 69
444 61
231 9
65 99
451 74
980 4
361 49
975 98
589 84
76 17
655 76
819 77
28 18
265 49
802 91
59 35
904 36
844 100
761 31
305 66
609 1
856 36
8 76
190 36
169 80
448 3
826 10
197 99
360 84
135 63
1013 46
614 10
827 77
427 2
462 61
979 70
891 52
597 72
719 36
459 10
945 9
701 3
775 38
940 2
954 31
981 91
930 29
911 76
826 82
486 65
480 92
236 45
335 95
501 22
582 59
630 27
801 33
594 78
887 43
1017 97
964 36
628 65
193 65
70 82
275 94
903 75
722 3
933 55
909 31
255 71
125 25
934 40
785 36
469 30
691 37
710 21
866 65
545 12
666 35
888 34
780 97
378 24
383 53
423 63
408 56
106 100
247 53
447 4
614 41
683 46
391 42
937 16
402 44
377 12
687 9
695 22
732 63
755 77
922 6
892 24
932 92
425 1
966 70
167 13
38 14
1004 96
844 65
755 62
179 87
518 78
477 33
794 77
1 52
840 43
150 15
664 78
825 49
238 71
467 12
721 84
1012 34
636 25
886 27
58 63
942 87
723 66
200 54
480 82
338 2
986 74
61 88
530 37
298 17
874 73
503 73
361 18
999 29
336 76
629 37
90 56
706 4
975 79
19 3
798 66
117 96
603 94
1018 14
371 70
82 50
894 17
992 64
478 61
532 74
90 85
69 68
112 38
899 80
642 44
963 76
514 52
791 45
841 73
761 82
990 72
433 72
6 61
942 76
157 12
518 21
351 94
664 37
52 98
259 85
16 67
737 30
622 68
203 95
996 9
945 25
781 42
351 5
767 52
90 87
744 94
886 28
464 29
385 12
168 60
39 18
727 29
854 47
875 8
769 91
560 78
862 71
277 67
262 17
586 55
415 73
480 20
664 96
757 85
485 7
387 35
296 70
89 62
972 8
112 91
426 39
795 48
425 78
241 33
385 22
79 35
888 54
774 66
175 42
612 79
910 29
49 6
76 57
106 51
547 67
696 89
6 9
87 39
737 61
591 1
814 85
859 30
471 33
200 11
917 98
970 27
568 4
399 25
700 12
626 67
484 25
546 96
636 65
136 48
33 50
760 65
749 24
1018 23
379 48
95 18
358 46
818 31
418 72
87 47
582 38
507 4
915 21
228 86
974 35
439 33
19 90
661 98
341 87
289 43
513 16
793 54
994 97
491 11
879 72
118 51
839 17
779 31
17 68
370 33
491 94
586 90
963 68
806 83
440 99
866 65
893 40
6 18
752 16
1009 75
1016 88
155 82
800 81
821 19
495 79
500 47
120 88
720 90
337 36
970 83
207 32
15 46
339 82
685 25
343 91
545 82
220 17
652 12
762 70
398 40
329 89
362 63
1024 94
811 41
333 62
593 83
702 87
910 44
725 15
764 54
154 60
586 41
596 39
999 53
808 24
661 69
726 99
899 5
174 17
40 12
390 37
235 11
204 65
78 83
304 32
263 61
906 25
620 22
184 81
434 81
775 15
980 93
345 3
944 9
551 68
225 88
445 80
513 75
965 6
778 24
695 11
94 67
859 54
306 83
27 2
776 18
300 92
47 41
426 76
490 26
333 45
170 92
240 31
274 12
520 12
347 11
866 81
419 33
244 52
343 28
549 77
931 63
799 68
604 25
142 42
618 14
779 16
484 79
34 59
960 7
825 39
641 30
70 20
798 29
654 8
70 57
795 66
615 24
857 30
875 40
753 47
910 98
601 38
674 51
77 90
726 69
267 46
342 25
362 52
325 89
864 20
83 45
932 44
82 87
529 56
482 61
669 72
677 17
8 40
525 23
681 94
689 75
140 69
976 65
399 69
824 33
299 23
822 96
811 38
498 71
1008 6
75 69
277 26
867 59
419 49
649 33
1011 69
94 9
884 30
909 94
646 37
164 90
366 67
126 66
276 52
321 26
828 14
172 87
847 100
261 47
242 4
414 20
824 1
916 11
801 5
247 15
160 98
369 83
312 49
90 80
573 31
603 58
613 46
640 96
795 93
368 51
177 81
794 18
143 11
642 60
491 11
390 66
253 50
413 46
353 5
413 61
910 44
28 41
690 7
937 11
257 9
921 19
222 60
314 79
944 32
650 15
562 62
922 36
580 65
744 84
742 81
513 25
64 83
86 96
258 51
121 91
646 72
963 50
802 20
120 27
500 65
889 29
287 41
440 45
490 82
972 43
385 55
834 59
962 81
437 28
505 58
708 75
548 60
176 41
74 83
1001 66
558 36
841 13
1000 100
385 100
5 50
312 55
307 4
61 40
309 90
823 90
421 79
223 88
908 6
127 1
330 74
384 97
928 68
447 40
809 66
657 48
629 46
758 35
755 53
1007 46
196 82
489 80
1019 88
432 19
392 73
847 28
716 78
655 65
793 94
252 69
639 60
627 72
357 18
48 92
930 26
782 15
69 80
476 49
900 73
723 66
121 32
99 1
395 85
130 79
277 3
634 92
745 76
82 77
500 73
592 45
386 82
876 93
12 64
114 66
754 60
730 34
611 77
387 74
295 5
276 29
701 31
1004 14
347 82
322 33
988 57
262 92
507 27
465 98
931 36
376 86
315 65
849 61
666 85
874 52
76 99
64 6
391 99
462 12
69 20
690 27
931 9
248 36
