26 31
1018 44
386 8
133 42
420 98
125 41
561 7
48 38
773 82
182 76
305 46
414 42
541 64
537 71
148 55
141 24
372 78
174 78
561 48
17 78
863 55
299 31
711 36
810 13
55 86
87 45
68 84
584 39
292 1
184 67
475 3
122 82
331 36
430 15
949 98
633 11
8 73
51 48
224 54
430 47
941 66
799 26
730 36
350 1
204 15
430 99
88 11
937 13
91 75
920 32
990 83
295 93
249 87
964 44
942 37
308 72
545 94
222 32
67 6
274 33
237 50
369 12
86 9
887 56
545 90
88 10
403 57
905 37
749 95
240 77
972 72
137 41
233 6
380 45
863 9
251 98
776 29
114 34
1000 57
743 50
921 31
103 30
240 98
32 69
639 8
881 66
965 55
155 22
953 63
957 34
468 84
29 55
565 74
49 41
864 12
261 25
243 99
674 73
47 34
66 40
1019 19
997 17
891 4
917 61
399 35
740 51
862 67
467 12
139 21
1016 55
988 71
330 50
725 1
824 35
351 92
874 97
1005 60
373 14
626 80
290 49
134 82
16 88
416 84
774 17
194 99
348 75
730 36
28 15
279 66
894 96
136 21
385 81
166 59
564 14
562 33
341 45
348 80
1012 35
713 31
435 35
837 68
895 12
303 71
933 26
538 43
147 35
143 91
986 47
50 67
378 57
193 65
502 83
1 63
307 39
341 49
683 38
516 57
144 70
885 43
328 74
459 64
609 4
432 95
122 14
606 38
473 19
364 83
559 1
381 58
768 57
401 38
969 10
833 4
579 33
675 49
239 39
480 75
97 94
856 36
172 84
401 60
711 29
421 82
139 84
17 24
187 37
845 8
700 93
118 74
118 21
87 82
453 7
460 12
175 69
700 21
510 6
991 7
47 30
487 58
76 48
915 75
203 42
383 23
318 19
518 76
99 48
155 31
821 29
603 77
566 25
340 67
33 21
769 81
794 93
42 28
690 48
873 58
347 21
782 87
203 14
480 14
514 39
263 13
982 9
234 32
331 16
898 1
153 78
627 73
632 9
435 47
367 31
370 70
471 38
651 34
420 38
898 34
990 49
840 63
40 26
1008 69
372 28
786 85
102 64
626 10
922 55
231 69
517 80
370 53
828 23
375 24
825 46
1019 9
921 92
451 86
174 8
1002 85
206 67
403 52
768 73
670 82
264 2
901 78
937 79
167 93
766 7
910 79
587 46
188 49
676 58
340 41
913 51
426 53
105 65
166 50
465 98
933 6
818 83
88 12
847 41
56 15
215 59
664 55
433 38
92 23
697 35
746 1
425 21
395 69
603 89
857 41
396 33
9 41
421 93
755 14
656 50
173 2
689 38
729 36
610 28
234 31
45 74
392 12
890 31
499 45
607 93
829 14
85 89
388 50
148 16
31 29
62 39
385 75
810 68
791 33
707 98
384 67
405 68
868 70
166 25
1 22
775 27
54 15
192 96
959 90
981 32
86 6
111 53
126 34
689 56
612 1
155 87
948 43
691 3
215 86
33 10
895 98
702 8
596 64
954 66
977 94
950 42
697 72
708 68
652 60
10 55
701 77
467 30
105 20
420 92
332 56
116 80
929 98
661 92
18 69
76 91
846 62
443 16
885 47
818 63
1014 42
76 71
450 65
772 58
872 29
956 35
725 40
387 58
572 38
134 95
281 70
164 46
652 30
508 82
133 16
463 38
307 64
419 77
686 2
115 91
11 34
348 35
845 26
801 12
230 67
933 36
826 59
850 17
938 46
602 33
918 49
344 29
332 21
515 38
232 33
432 51
944 99
629 4
670 85
436 73
916 8
1000 3
18 81
101 49
561 5
3 19
672 42
781 1
93 34
410 76
156 5
75 90
598 42
760 90
103 91
614 95
1020 66
202 62
314 31
349 62
588 55
414 57
676 20
990 73
172 74
584 19
629 64
737 53
50 45
193 81
285 81
25 5
406 50
501 38
1000 100
548 55
457 96
106 3
556 81
617 75
300 53
86 26
79 43
575 74
642 19
94 43
45 53
425 77
478 10
406 40
24 65
120 52
241 66
406 60
213 2
904 57
555 45
674 57
682 30
76 50
369 87
124 52
773 80
688 16
785 37
985 50
132 95
207 49
442 66
202 10
55 21
688 74
696 56
42 86
16 73
731 66
113 81
539 79
811 56
470 92
140 30
814 35
8 97
757 15
68 6
338 57
776 100
462 24
639 5
174 37
816 23
95 50
308 60
767 11
843 88
945 99
747 84
1002 73
904 74
265 8
382 89
976 47
664 1
752 80
967 28
887 93
478 82
397 88
298 3
268 23
332 73
47 99
170 98
961 57
950 81
975 5
958 34
857 84
1013 43
404 59
292 83
624 83
915 22
120 94
698 84
344 10
815 86
823 3
37 30
294 22
335 65
848 60
939 100
954 71
276 12
240 91
181 98
288 92
667 49
311 59
53 21
577 81
85 39
401 56
233 78
797 28
886 71
864 59
994 19
54 91
571 11
999 47
519 61
138 81
469 69
80 54
557 44
132 20
71 25
273 86
156 66
496 46
971 72
152 19
942 55
959 63
643 31
420 11
833 33
365 49
116 99
5 92
994 22
499 38
642 21
368 11
948 67
891 29
365 84
692 44
629 93
736 57
148 77
680 60
809 51
179 99
265 10
410 22
746 85
9 34
610 67
204 24
167 26
12 29
158 17
1010 80
513 69
32 57
418 21
275 84
178 17
582 8
291 59
238 31
283 43
669 23
28 84
634 98
400 29
824 15
473 39
45 37
13 1
694 57
369 89
773 96
714 53
171 89
421 31
839 4
935 2
184 16
660 39
667 43
973 8
245 30
653 88
631 59
910 59
897 83
932 88
704 42
987 82
961 21
752 61
109 11
884 59
770 60
612 21
933 81
661 75
176 69
124 2
359 20
602 70
736 13
597 54
186 9
621 23
984 49
263 69
570 67
491 45
834 4
746 32
261 81
260 22
715 76
897 30
91 47
282 70
15 94
908 36
289 3
211 10
795 23
157 97
127 47
158 94
830 18
613 53
619 14
399 50
924 36
413 72
560 22
125 67
653 77
186 86
628 3
1012 31
884 19
49 5
240 15
512 64
33 34
156 67
267 47
1016 99
427 26
655 7
611 66
536 49
643 26
922 100
281 92
831 3
654 83
476 37
305 28
450 40
942 41
383 48
652 91
860 77
273 61
291 7
599 48
198 47
215 76
861 22
280 11
566 95
723 78
96 76
243 29
220 92
1021 23
172 80
1013 74
272 87
265 23
439 83
604 6
619 17
116 100
857 32
527 35
898 80
280 62
143 40
500 23
753 80
289 40
357 27
588 87
362 71
912 92
1010 24
993 86
235 98
690 91
90 35
718 57
3 58
394 77
333 36
48 56
500 5
542 53
83 14
971 84
272 55
24 84
7 37
229 15
155 40
978 40
125 69
562 18
345 65
589 76
176 89
547 50
893 14
463 78
256 21
916 35
785 80
578 3
515 61
747 72
560 12
208 60
529 73
355 23
154 65
49 92
465 55
306 70
84 23
21 1
286 39
265 57
563 2
499 2
949 22
685 12
276 87
581 20
352 64
446 10
233 64
168 36
471 87
140 86
687 54
847 94
3 88
893 61
660 84
212 96
117 31
765 63
882 94
719 40
671 74
51 88
144 5
812 35
679 47
869 13
172 88
430 35
583 24
624 40
287 53
97 39
588 57
420 14
720 7
164 29
235 82
576 68
477 11
510 65
1017 22
263 58
490 23
127 95
9 50
180 20
981 3
291 59
597 56
583 15
695 57
272 77
911 59
127 76
649 89
29 42
579 17
99 2
979 29
680 88
887 81
513 29
900 99
867 48
661 15
348 51
521 77
186 82
93 75
513 75
40 30
403 73
851 82
271 10
311 87
736 36
946 50
26 74
478 32
446 33
639 53
441 63
965 68
34 93
841 63
493 31
369 68
574 61
67 31
133 100
183 94
603 46
755 7
505 30
891 58
466 23
597 51
227 71
185 61
871 31
855 53
53 62
391 66
478 50
806 56
5 31
315 87
551 46
732 10
422 52
753 20
399 79
167 29
312 17
39 66
587 12
563 94
573 80
806 13
242 45
129 25
139 82
634 26
113 9
991 48
842 99
480 47
480 8
687 93
713 42
1020 92
874 74
298 56
1004 60
944 100
575 44
453 50
667 16
683 67
692 61
558 5
63 10
941 3
732 40
124 34
835 39
231 31
189 71
375 26
269 25
976 29
607 74
105 32
349 27
616 53
303 20
973 74
963 79
774 8
891 31
902 89
249 36
172 66
962 12
544 47
831 86
119 10
254 55
290 63
62 87
693 51
324 59
59 69
81 42
273 5
18 47
322 85
19 10
268 21
158 34
481 11
55 69
148 68
937 87
641 75
432 81
918 87
459 22
920 81
379 76
903 41
323 75
945 26
258 48
914 3
920 57
360 72
451 44
961 30
683 43
657 31
583 50
144 72
480 94
1014 20
457 30
903 34
381 87
899 42
758 2
559 43
917 77
822 21
33 84
106 36
293 42
646 84
274 60
509 51
734 42
207 95
321 38
98 82
599 70
950 38
48 5
452 61
617 83
955 43
531 1
158 95
1005 17
394 14
591 48
431 20
661 64
237 6
830 68
702 23
709 52
24 100
450 94
379 14
133 12
178 74
483 27
719 32
29 70
1012 72
816 78
491 32
376 9
404 7
1022 16
788 49
452 81
812 34
93 66
301 86
212 57
241 11
771 67
723 52
663 1
66 20
342 93
690 25
648 54
212 4
643 85
826 28
884 37
907 24
811 99
778 18
64 99
708 20
934 44
414 23
797 33
25 67
888 46
496 59
117 31
497 75
643 25
784 11
136 48
541 10
371 96
757 76
890 98
104 58
545 32
392 73
761 69
1015 87
618 10
912 66
943 83
977 6
622 14
74 3
952 74
739 27
665 7
481 36
691 54
959 86
319 85
954 27
64 50
784 26
914 40
417 34
373 31
75 13
498 91
636 72
753 33
447 25
942 100
878 72
680 28
800 12
693 48
493 40
716 90
282 19
954 68
1014 50
421 19
104 88
686 75
362 18
416 74
87 24
161 46
267 74
218 11
759 69
515 92
929 52
36 27
332 45
939 41
901 21
318 71
503 45
824 11
458 94
538 36
35 93
331 7
139 58
130 55
631 29
228 5
506 56
107 12
199 23
921 98
501 100
249 3
362 98
344 87
116 22
236 58
164 32
326 73
286 81
780 5
793 8
182 43
176 42
931 31
778 18
606 87
863 82
784 73
755 54
8 39
788 96
822 62
111 94
504 44
613 37
703 32
42 66
142 82
203 37
389 37
768 21
901 25
179 35
978 5
22 92
276 58
287 22
356 66
732 58
73 72
946 91
589 75
937 73
148 1
442 98
773 37
100 47
890 78
170 27
708 94
281 30
840 24
943 72
55 61
93 48
66 11
284 5
1016 67
120 96
593 63
25 49
758 35
384 21
256 25
339 92
404 25
784 76
930 94
351 34
545 66
477 33
612 48
36 81
386 26
186 52
49 79
923 83
1022 19
255 22
814 60
892 7
512 65
344 77
721 80
883 76
660 33
466 22
260 18
528 91
19 44
53 95
763 6
493 27
713 11
735 64
857 61
684 93
660 25
982 75
79 11
482 94
769 96
315 11
99 5
755 67
71 34
820 47
202 81
686 9
79 52
565 52
882 40
990 70
377 84
22 35
662 81
663 8
1003 88
775 35
392 63
753 39
467 35
381 46
747 18
353 51
632 19
901 55
368 55
80 14
134 82
201 36
887 27
985 67
556 66
240 20
397 9
785 55
765 82
475 50
236 65
192 68
827 11
474 82
872 14
217 95
562 90
256 39
484 45
651 25
256 70
837 69
945 90
490 3
402 31
726 19
145 64
271 36
659 6
12 82
246 63
470 74
36 31
967 61
266 22
753 48
113 83
869 100
869 96
711 83
504 80
853 5
53 18
149 53
33 10
767 52
229 44
429 77
491 61
79 66
246 46
813 96
358 45
98 33
972 92
594 73
988 68
815 41
356 58
150 47
813 6
503 27
521 81
239 23
131 19
617 96
489 78
264 17
672 74
370 55
932 42
364 98
18 98
286 40
272 75
14 24
356 69
676 21
134 73
556 97
1009 44
795 37
152 47
572 40
712 12
610 64
615 18
690 38
815 82
460 99
59 21
585 8
556 93
286 63
506 50
870 6
978 41
84 71
799 70
24 51
973 98
603 81
616 4
214 79
44 62
480 29
33 65
714 66
110 42
149 41
291 16
953 51
532 35
532 81
331 85
663 37
387 100
571 62
808 59
954 100
994 6
2 24
113 57
531 49
185 61
130 83
515 99
652 94
159 5
1023 4
930 46
646 89
330 59
814 100
918 42
335 65
158 100
511 71
219 94
256 4
579 70
689 50
1004 38
918 67
57 27
451 43
107 40
54 10
145 8
334 11
784 87
1014 11
170 43
972 42
599 62
633 85
303 27
336 90
231 63
293 93
670 94
76 76
337 52
598 65
156 91
492 17
647 66
34 28
887 41
470 36
1013 66
40 25
1018 46
18 73
671 63
5 6
354 95
871 74
758 87
705 50
965 83
946 66
175 17
505 93
23 36
71 5
367 14
577 94
234 11
203 89
4 24
341 34
290 56
62 34
928 9
350 41
349 93
199 74
486 51
491 74
603 51
192 46
523 62
987 95
229 63
462 51
1009 84
841 74
161 8
517 42
880 91
279 97
181 64
4 36
135 3
497 16
634 90
222 1
418 81
655 47
608 43
847 50
427 50
207 84
228 40
709 20
789 80
796 67
1011 94
549 35
335 80
464 29
962 40
696 41
902 56
111 63
239 69
635 30
245 70
687 1
279 40
773 33
996 85
918 37
995 87
154 70
307 58
249 63
1000 29
90 12
101 88
287 34
193 27
136 20
640 97
770 96
834 17
574 38
440 16
803 2
536 100
853 41
155 97
342 3
547 7
828 92
581 84
404 100
2 5
111 42
626 90
40 51
583 11
1013 40
653 54
190 62
219 67
775 54
615 11
935 79
912 12
373 81
898 99
64 99
174 75
206 38
91 27
331 74
817 69
334 61
573 80
817 43
73 91
683 97
417 85
814 68
70 37
413 59
367 83
61 62
512 32
545 25
477 91
532 74
408 30
685 57
240 62
210 51
635 37
176 85
7 50
60 16
444 58
692 18
966 69
859 78
735 17
59 37
839 93
245 50
979 84
45 35
726 13
891 35
996 27
3 28
18 43
33 64
209 41
486 78
641 45
608 94
64 1
552 31
172 5
850 52
978 52
490 23
13 55
413 81
676 8
933 84
346 19
514 33
294 91
927 100
363 99
331 34
547 86
651 32
187 14
230 79
173 5
54 20
291 93
521 21
273 6
50 5
285 10
483 74
442 97
227 47
48 61
200 51
666 66
971 92
99 71
3 41
996 62
725 41
490 81
359 25
771 100
348 34
777 99
552 83
625 51
847 48
535 94
393 14
817 94
695 41
813 96
1004 52
64 50
81 34
927 50
412 20
372 9
525 78
226 5
995 59
476 49
459 78
642 2
278 29
772 87
472 23
14 91
946 18
941 39
496 43
870 96
834 17
852 84
234 51
615 25
881 29
583 68
634 95
364 65
938 28
824 88
686 18
482 34
989 100
393 48
234 60
100 41
366 56
44 49
150 22
191 1
634 88
37 8
797 60
122 10
465 12
586 73
1024 73
272 80
556 66
992 26
693 89
18 34
174 91
362 40
716 49
577 88
757 36
714 44
582 29
463 47
517 94
62 35
8 84
619 3
382 99
618 29
929 50
646 15
62 45
849 25
71 17
465 82
848 94
147 71
756 21
46 3
843 97
34 94
352 85
143 60
695 15
170 14
707 46
120 72
630 7
814 69
563 41
143 49
898 72
788 40
82 13
291 53
805 63
341 81
962 87
539 69
377 43
292 60
423 24
47 67
196 16
730 94
46 47
87 26
424 30
254 61
428 89
215 83
382 7
754 96
563 43
273 34
98 95
30 90
250 65
29 33
388 64
70 95
944 70
760 78
73 36
443 15
751 18
813 33
42 44
610 90
458 37
932 71
666 75
787 42
705 91
992 14
786 40
126 30
169 24
437 80
76 83
483 45
711 18
993 82
680 33
936 99
1007 42
161 97
549 38
193 71
664 68
45 92
356 100
506 1
891 64
351 79
635 42
433 18
98 26
319 56
931 62
940 51
859 35
544 45
100 3
94 32
536 49
691 83
618 35
60 93
39 39
438 96
189 76
1006 30
894 31
985 93
669 79
597 7
411 58
265 21
969 83
136 60
100 80
1004 37
376 35
275 58
845 93
801 64
609 58
143 86
936 50
185 55
133 95
269 91
330 72
58 91
569 81
102 89
684 75
863 68
202 20
429 3
726 74
799 37
732 9
411 37
144 75
8 32
588 73
339 21
485 6
592 21
471 62
708 97
657 57
20 95
325 95
904 8
727 6
535 91
954 67
916 22
896 54
946 40
966 62
258 76
465 93
782 28
753 38
239 8
377 69
503 94
437 2
54 66
466 24
225 21
739 92
645 97
472 58
841 35
84 18
280 6
499 80
52 49
415 25
529 60
46 75
10 77
78 63
631 1
592 9
1009 61
17 41
195 72
280 11
719 57
149 100
629 52
795 35
243 44
29 40
899 29
999 76
437 76
515 70
1015 63
263 1
637 98
281 90
358 83
403 11
496 100
638 7
792 19
377 94
431 2
215 2
145 82
451 5
62 54
1011 68
688 96
672 68
65 67
699 3
161 75
508 1
845 61
977 72
73 83
428 32
37 87
270 81
877 82
910 14
317 98
409 72
358 43
958 82
980 87
893 55
372 26
42 51
632 98
643 14
997 87
219 30
685 53
618 64
943 11
94 86
596 28
951 34
888 53
452 23
488 88
702 58
12 11
177 28
884 11
299 93
841 77
157 98
424 21
941 35
33 54
198 26
782 21
258 73
835 95
566 56
381 42
723 61
693 2
50 57
777 98
339 94
994 58
122 97
393 43
542 100
89 56
57 42
956 27
105 29
307 16
893 14
920 66
437 35
982 34
700 52
870 55
389 39
717 53
555 75
796 57
997 27
385 98
700 96
53 42
658 40
53 27
50 73
454 63
555 62
999 53
1018 27
731 38
587 16
620 84
389 58
335 61
921 78
692 22
326 87
11 73
271 32
772 9
931 77
62 56
823 83
234 76
80 8
912 98
1015 86
253 13
878 8
153 96
236 12
973 14
160 33
699 93
753 56
460 72
545 16
160 69
954 8
979 97
282 78
230 71
48 29
260 1
239 92
265 98
729 15
793 36
774 81
517 91
918 8
473 65
693 58
259 35
65 62
481 61
593 45
711 100
793 48
525 75
482 26
987 16
482 84
197 8
316 23
436 79
729 66
701 15
90 48
884 98
785 50
224 63
170 31
809 43
311 86
246 14
187 56
76 75
134 82
190 67
904 51
328 87
200 55
601 68
473 36
856 18
897 42
90 14
810 67
693 12
417 87
611 40
355 98
925 45
126 54
549 85
732 32
222 31
297 23
326 73
149 40
271 53
337 93
289 19
111 93
948 83
484 46
211 7
629 74
87 89
945 49
953 71
67 64
499 12
309 31
880 22
237 50
671 97
440 7
919 31
157 95
192 30
219 22
970 20
579 72
1017 32
739 91
611 69
587 59
186 77
334 98
405 45
465 36
526 63
1001 15
996 88
114 77
372 6
730 57
835 96
672 39
373 40
939 16
392 61
137 42
380 91
922 17
523 39
258 59
203 36
359 83
97 27
547 23
432 3
546 80
743 15
646 12
165 42
908 11
632 69
678 93
282 74
601 77
255 74
129 11
591 50
568 50
887 91
924 70
453 17
902 54
738 36
601 3
465 81
443 12
869 48
135 85
940 57
375 90
385 29
56 2
340 98
277 81
63 55
302 37
994 99
245 22
191 25
939 90
294 46
548 25
406 45
489 58
394 21
320 63
57 29
902 72
18 79
731 70
137 57
276 35
505 100
718 3
879 65
902 45
342 96
176 89
29 56
649 89
914 51
844 56
432 3
576 42
169 88
651 77
748 43
869 81
357 8
673 84
273 56
823 32
694 57
149 63
80 3
559 2
700 74
95 8
139 80
640 99
460 17
458 60
298 89
10 81
767 34
893 54
295 15
836 21
980 34
83 37
236 31
681 94
63 62
295 84
74 9
610 48
143 26
282 83
615 34
1000 76
928 28
456 52
1018 23
297 3
602 59
248 85
885 68
936 61
785 7
254 93
464 83
178 94
538 86
419 88
248 42
258 26
544 52
682 10
952 21
2 48
394 64
408 58
195 37
893 69
236 19
956 80
840 39
680 29
824 72
440 18
820 2
74 29
908 65
933 42
94 87
156 10
39 34
860 69
178 52
100 78
968 41
877 8
971 95
473 7
896 36
782 53
680 67
335 89
983 91
675 56
781 75
618 64
412 80
410 52
217 48
786 100
412 91
708 58
145 46
823 97
404 26
513 5
314 77
79 16
745 3
1009 65
1009 51
128 55
495 15
727 16
467 8
506 13
544 38
831 18
489 42
33 79
695 16
557 61
597 11
335 57
229 44
237 2
424 17
898 38
860 98
394 81
908 54
933 62
582 92
900 74
610 11
237 36
1000 28
231 62
182 80
821 60
893 70
772 50
291 69
135 69
378 47
263 88
127 34
407 54
228 32
109 44
983 32
465 66
113 86
779 37
989 52
755 90
520 7
825 5
147 82
79 99
715 48
194 82
656 76
701 30
111 100
442 21
865 40
402 71
525 18
420 43
439 42
933 10
509 26
36 23
433 38
499 33
474 72
764 79
670 27
179 49
275 99
550 92
109 21
420 95
144 98
36 14
874 72
374 17
642 67
949 86
435 91
57 56
279 99
745 84
864 72
683 1
107 82
863 67
870 82
384 28
177 89
720 46
234 18
947 72
400 59
526 99
43 48
506 43
167 26
799 99
736 5
275 93
432 31
832 75
757 38
675 21
394 91
94 8
593 55
628 22
872 82
695 32
396 59
392 100
381 62
135 42
122 80
257 35
752 38
894 62
886 8
70 99
296 14
44 2
780 18
426 100
70 52
787 86
73 81
633 78
198 68
697 33
1005 89
520 56
886 46
518 62
97 22
805 94
260 82
81 37
908 84
465 97
556 22
989 73
499 26
72 19
59 35
510 83
561 79
518 66
13 98
71 3
902 100
864 83
732 8
617 65
1000 47
62 26
292 53
252 30
222 37
174 1
905 49
175 77
482 9
297 86
923 11
731 88
687 43
576 98
759 11
