879 86
204 51
723 9
959 22
896 17
455 86
493 47
1002 26
751 30
939 24
84 87
999 19
946 92
852 89
412 3
960 92
447 70
361 90
223 33
329 37
191 1
644 3
526 38
244 25
599 49
655 85
468 30
732 80
995 16
602 49
939 47
994 77
575 61
674 2
112 19
922 84
154 30
599 4
759 17
421 18
678 45
691 38
980 88
413 52
151 29
496 39
615 99
850 42
13 72
340 13
996 53
959 49
813 67
51 39
98 6
414 26
212 44
410 19
202 10
273 71
549 27
698 14
431 81
107 21
318 99
750 76
346 11
1001 36
461 28
556 79
34 80
41 31
295 98
899 30
979 22
542 67
833 91
7 84
65 59
128 87
796 9
991 36
448 4
865 14
598 28
676 30
694 29
19 29
286 5
1024 61
309 84
313 93
775 98
870 26
484 44
222 33
641 52
658 99
995 56
440 24
291 38
868 37
256 98
536 17
922 81
830 22
977 29
540 34
156 45
189 97
356 19
981 57
314 91
398 17
867 55
21 40
157 12
832 85
439 59
766 50
841 60
6 95
916 37
918 37
388 32
131 92
68 8
542 98
265 4
66 97
480 59
449 64
604 92
640 31
156 82
1012 82
894 81
737 32
258 82
106 27
415 55
933 54
90 41
562 29
388 45
252 70
286 56
2 63
313 47
240 52
941 25
355 88
524 12
22 57
685 63
62 46
1000 8
327 86
785 54
452 24
269 16
755 48
195 74
763 43
477 6
892 72
934 60
706 73
75 49
277 7
266 41
312 5
726 49
734 28
512 83
716 22
978 67
117 44
373 22
456 38
369 36
471 56
462 72
454 78
576 46
549 100
417 80
771 11
741 81
760 19
664 48
399 98
633 76
359 74
647 53
633 94
221 97
200 82
691 25
702 30
1015 23
992 66
682 25
603 72
373 80
399 39
407 13
697 15
390 20
209 89
822 80
614 3
80 55
944 69
183 17
444 6
871 22
191 52
225 60
458 55
712 64
473 43
693 6
55 60
10 50
683 63
604 61
332 58
407 89
383 7
295 69
435 81
192 93
1003 22
122 90
863 56
393 94
823 89
578 35
359 22
425 92
146 29
269 52
581 88
636 17
502 73
551 93
144 86
943 2
1004 81
668 97
905 86
330 87
602 56
948 15
968 6
193 5
98 71
168 13
226 40
746 27
169 59
255 1
718 81
440 24
998 55
586 71
264 11
559 2
742 87
695 58
705 1
575 66
565 97
101 55
300 34
591 97
500 51
286 68
216 30
336 53
653 38
58 14
939 16
819 69
692 1
42 54
999 88
983 48
650 26
653 16
66 29
283 85
928 80
816 57
53 3
221 43
122 30
377 66
665 30
80 2
464 74
526 12
919 62
66 40
1021 6
967 34
224 82
466 45
363 29
158 33
963 45
674 77
561 75
661 12
5 81
717 75
742 42
672 40
364 92
1003 55
931 2
522 56
966 5
868 40
21 24
42 39
465 93
347 91
574 37
85 47
1016 33
408 17
251 29
692 23
701 97
493 68
202 58
566 54
865 72
630 3
571 70
760 36
694 38
543 30
877 72
445 89
1015 48
613 5
874 62
376 41
926 59
336 86
444 26
518 13
88 91
360 49
995 89
518 53
796 84
6 79
153 82
413 30
39 66
372 8
969 52
902 98
952 100
247 45
821 32
236 29
916 8
742 38
237 96
34 63
177 78
423 83
1024 12
231 68
126 94
684 15
560 77
992 21
478 66
31 73
31 29
907 45
607 41
16 39
904 54
42 76
978 31
499 29
330 16
254 46
972 9
993 78
156 55
192 34
350 35
958 18
868 99
158 29
886 64
459 73
703 45
38 27
1002 92
55 99
969 17
76 35
835 89
85 96
66 3
463 66
956 59
227 44
252 92
763 59
822 13
16 61
367 19
396 66
261 6
833 8
810 14
799 88
790 9
427 88
536 99
186 97
853 40
855 27
79 41
763 76
451 82
668 46
408 42
138 12
380 34
185 96
108 48
383 87
765 67
791 9
766 93
684 49
503 47
735 86
325 84
520 43
634 49
639 46
113 73
451 89
165 97
770 37
772 23
919 24
777 51
570 76
654 42
407 83
374 32
1003 30
983 11
350 30
89 8
955 28
107 26
933 41
824 10
446 84
1006 68
198 35
826 34
880 74
910 96
758 60
946 86
251 9
35 81
611 7
737 94
646 46
803 92
897 72
24 6
534 53
246 26
578 7
258 24
816 49
181 53
406 67
73 34
147 53
840 15
275 83
518 17
123 96
258 29
106 62
259 37
486 95
195 32
751 48
1 8
606 57
687 87
139 96
579 31
229 77
217 45
250 80
517 6
498 81
474 98
691 54
558 41
300 58
275 82
234 56
446 43
357 84
705 70
916 44
674 70
386 75
423 27
716 97
167 55
643 59
817 27
842 59
545 50
79 98
942 27
173 58
357 51
671 88
622 91
726 99
851 55
839 52
375 42
810 12
763 16
534 30
11 10
582 94
527 68
461 41
398 8
112 94
835 27
830 13
515 74
812 51
404 98
231 69
971 4
511 76
736 100
790 14
41 84
892 34
633 33
145 69
876 93
269 63
547 98
701 29
670 19
6 40
314 97
485 32
447 66
129 92
568 82
759 26
166 9
453 25
85 15
119 30
566 40
953 84
184 55
821 71
247 22
895 45
728 55
456 56
647 66
321 5
762 83
550 69
871 95
993 50
1004 87
570 20
301 82
101 53
154 48
690 33
155 76
835 64
88 85
62 68
798 29
132 54
857 30
254 17
383 44
166 61
418 87
365 64
935 72
938 100
144 60
516 50
146 13
663 76
147 78
194 78
206 47
671 26
559 95
475 5
793 39
88 21
458 74
716 35
475 31
983 4
879 16
654 97
252 25
303 9
638 70
175 34
126 11
322 86
991 70
386 95
579 40
415 3
803 46
25 8
605 4
442 88
781 83
138 17
1021 34
618 39
755 9
190 60
849 24
222 19
882 57
421 68
936 17
870 14
256 38
217 9
460 62
397 65
822 61
150 65
930 6
826 55
910 8
911 79
527 60
501 54
72 46
945 2
59 44
565 66
599 31
766 29
375 53
209 2
292 56
958 19
1013 75
298 14
842 100
13 2
948 18
462 89
704 24
575 14
838 8
83 93
523 66
955 93
258 27
951 6
71 42
916 89
153 35
894 34
171 20
200 97
776 54
525 25
803 31
885 32
215 30
628 48
634 52
193 73
912 82
119 94
1002 7
785 14
886 75
355 84
388 10
591 35
55 98
822 61
136 42
120 88
495 88
461 58
898 21
905 60
269 30
152 77
263 29
646 29
624 55
546 70
109 51
961 61
723 98
331 23
121 69
90 78
233 5
256 64
201 55
681 41
222 16
305 47
577 22
356 30
955 6
1001 52
542 33
182 100
511 64
705 71
834 92
500 96
118 96
600 73
204 45
790 41
415 92
710 6
679 10
723 26
333 73
416 36
795 53
202 20
716 11
401 46
271 52
419 100
88 84
1013 34
112 98
236 19
579 68
927 41
904 18
46 28
352 36
885 77
628 49
297 30
445 97
933 29
924 95
41 89
934 96
345 15
799 69
393 32
455 27
339 75
746 61
169 71
166 60
101 44
663 19
995 2
917 74
785 14
585 29
973 69
103 2
59 3
505 43
45 64
307 68
794 56
419 91
150 28
538 27
791 13
159 31
100 36
591 36
435 65
270 100
112 59
964 49
631 94
516 78
451 18
180 3
922 5
555 31
148 41
268 39
111 49
230 55
799 66
944 43
710 96
384 93
143 100
815 43
756 95
74 4
231 36
1016 17
284 31
970 69
752 28
888 36
414 81
729 13
997 72
325 88
910 68
258 21
170 25
937 75
460 79
372 79
508 84
932 76
534 19
151 98
626 70
217 93
817 72
273 96
921 20
409 9
931 53
426 54
290 12
955 62
530 1
570 95
512 55
464 7
76 11
594 79
189 45
574 40
606 13
489 52
804 61
481 13
807 54
586 71
769 86
928 28
670 26
948 70
996 96
357 66
711 95
65 41
151 1
266 17
467 62
445 97
157 82
437 32
152 52
130 22
250 95
715 83
298 38
976 95
53 80
412 11
825 91
191 87
766 61
126 2
541 51
664 10
1012 55
305 76
367 100
549 26
509 61
265 66
1022 52
975 26
614 73
557 24
285 34
616 3
510 55
867 6
354 12
352 90
25 64
312 52
214 25
80 65
472 92
751 57
912 39
286 74
118 70
607 56
610 70
639 100
193 3
660 49
1003 59
762 38
288 61
831 64
350 25
492 38
79 12
421 23
738 52
265 5
434 63
891 73
827 23
777 82
590 20
134 21
417 24
587 20
65 28
817 33
46 92
123 35
490 90
250 28
22 46
908 58
303 32
535 38
429 9
477 88
280 17
819 92
221 58
87 23
598 50
279 93
901 60
720 71
832 17
50 89
733 43
651 52
148 96
214 28
332 11
42 87
643 62
62 56
650 30
309 89
670 78
218 53
52 62
221 43
795 48
749 25
236 64
485 5
