946 68
960 33
770 28
222 44
188 3
415 43
475 51
604 7
142 42
918 80
630 48
274 63
239 25
758 69
333 48
750 43
910 24
165 78
16 19
958 64
374 99
978 85
923 71
807 23
927 97
564 68
568 83
125 61
709 35
693 46
116 14
714 91
531 78
951 24
675 90
860 6
743 35
47 5
62 4
52 23
807 78
150 90
976 31
494 90
553 79
794 37
973 60
359 75
1009 71
5 1
298 84
165 80
981 15
693 44
851 91
302 38
757 2
820 62
393 89
106 72
72 66
4 43
741 46
601 50
10 8
1004 55
1014 72
376 86
479 45
48 35
163 12
112 47
995 93
127 44
442 28
368 50
92 36
715 44
6 84
502 34
352 14
1018 97
1008 88
839 57
102 78
757 19
652 60
189 49
534 74
416 69
88 77
849 48
995 43
745 47
713 22
733 10
810 17
31 72
986 16
1015 76
300 53
312 30
190 31
70 25
35 30
628 63
850 96
488 86
144 36
108 46
388 54
189 6
257 5
687 31
113 97
44 98
169 43
1017 66
514 42
89 44
645 43
377 66
699 86
33 45
604 62
489 99
57 18
742 29
734 58
746 61
169 71
251 68
304 94
547 35
238 81
82 99
214 22
260 15
653 98
693 27
541 68
433 59
743 65
456 62
531 39
676 5
779 2
632 51
621 32
845 35
708 51
577 96
984 19
320 61
831 59
915 97
339 36
928 53
738 11
261 89
726 24
452 83
534 88
216 84
730 10
450 95
896 74
344 30
523 3
813 72
860 53
716 47
77 31
189 31
664 85
185 36
340 67
53 13
198 55
2 47
786 6
609 83
900 94
362 27
773 98
101 6
981 17
78 12
430 66
814 44
270 97
353 72
537 7
232 78
233 62
350 13
473 6
861 54
273 23
992 86
370 69
540 93
760 11
58 99
338 92
598 35
432 42
482 90
934 77
466 76
800 43
280 9
667 91
182 23
712 79
809 97
133 5
835 26
820 44
736 51
782 25
949 63
227 32
620 18
846 16
752 45
37 93
595 54
472 61
831 40
397 77
619 78
53 66
724 87
1002 64
806 87
323 96
52 95
791 59
306 75
657 53
206 51
750 59
622 79
9 13
396 98
648 83
887 14
257 45
138 41
12 81
73 25
76 64
289 52
393 12
115 79
282 77
853 72
610 23
100 28
181 69
485 41
392 32
303 14
294 9
652 29
818 80
769 47
578 33
200 92
933 39
480 12
567 9
440 76
765 3
423 53
26 27
1009 79
665 31
569 67
553 7
688 69
662 51
131 87
246 27
822 1
504 26
993 19
548 62
490 25
594 30
105 57
827 71
848 92
660 57
321 99
115 21
619 38
187 59
573 68
975 89
743 26
955 98
995 59
252 76
643 44
851 27
170 52
841 11
344 72
759 86
33 66
790 37
860 87
213 58
268 98
570 80
255 70
308 66
482 40
209 55
772 5
1017 77
759 58
721 35
502 89
781 51
469 58
719 74
710 64
521 56
279 29
349 41
404 39
731 17
228 71
457 91
651 79
813 75
158 58
766 15
537 29
487 20
903 26
555 78
667 45
110 60
886 55
83 49
968 46
680 90
671 48
1011 73
285 92
360 58
675 55
807 48
824 4
478 3
853 32
539 24
168 78
225 67
946 7
778 38
996 58
725 51
480 61
329 88
253 3
941 74
976 6
621 69
297 65
202 76
376 26
557 29
1020 3
57 52
181 43
253 33
977 85
735 36
920 24
606 39
244 30
292 29
93 83
793 12
359 49
967 98
650 12
784 44
879 1
829 58
765 75
613 24
103 87
581 9
701 14
848 39
200 90
991 19
486 8
274 36
434 35
161 81
89 75
198 61
486 12
419 52
1019 7
106 29
549 11
307 21
873 77
988 69
59 44
967 81
769 89
784 62
182 79
714 58
320 13
9 57
933 23
234 19
499 40
603 45
491 34
702 99
379 74
493 35
89 82
705 70
948 84
92 29
332 60
483 87
392 61
674 42
82 73
855 99
995 56
913 55
833 57
751 38
521 40
614 25
412 49
241 33
483 47
182 38
146 19
590 20
661 81
679 85
736 98
994 34
458 32
719 24
516 92
823 72
229 16
950 83
453 95
557 47
147 42
629 16
364 70
858 66
262 95
386 59
813 24
718 63
604 51
269 33
951 50
561 66
402 45
460 64
661 51
1000 15
16 3
648 100
465 88
459 79
110 73
181 36
613 39
571 96
589 40
166 16
935 85
417 40
347 70
744 60
577 72
188 82
722 13
